-1.233898772400472126e+03,-1.110984963626034869e+03,2.821000000000000000e+03,0.000000000000000000e+00,-1.242664678776991195e+03,-1.218144240615503577e+03,2.994000000000000000e+03,0.000000000000000000e+00,-1.234735471928679544e+03,-1.141247359694885745e+03,2.805000000000000000e+03,0.000000000000000000e+00,-1.317659304544225733e+03,-1.346277589510825010e+03,3.339500000000000000e+03,0.000000000000000000e+00,-1.386154731508833265e+03,-3.416267135654679805e+02,3.598000000000000909e+03,0.000000000000000000e+00,-0.000000000000000000e+00,-0.000000000000000000e+00,0.000000000000000000e+00,0.000000000000000000e+00,-0.000000000000000000e+00,-0.000000000000000000e+00,0.000000000000000000e+00,0.000000000000000000e+00,-1.188733965297463783e+03,-2.471997383662242100e+03,5.508500000000000000e+03,0.000000000000000000e+00,-1.312445920966262520e+03,-4.887458521388068107e+02,3.918000000000000909e+03,0.000000000000000000e+00,-1.250169923237239118e+03,-1.456398865835835295e+03,3.872000000000000909e+03,0.000000000000000000e+00,-0.000000000000000000e+00,0.000000000000000000e+00,0.000000000000000000e+00,0.000000000000000000e+00,-3.035371364465833608e+02,7.371279229404507305e+01,4.740000000000002274e+02,0.000000000000000000e+00,-2.399852947923535282e+02,7.821774462387084270e+01,5.350000000000002274e+02,0.000000000000000000e+00,-3.166982647849580417e+02,1.974008941724941621e+02,5.300000000000002274e+02,0.000000000000000000e+00,-0.000000000000000000e+00,0.000000000000000000e+00,0.000000000000000000e+00,0.000000000000000000e+00,-0.000000000000000000e+00,0.000000000000000000e+00,0.000000000000000000e+00,0.000000000000000000e+00,-0.000000000000000000e+00,0.000000000000000000e+00,0.000000000000000000e+00,0.000000000000000000e+00
nan,nan,nan,nan,nan,nan,nan,nan,nan,nan,nan,nan,nan,nan,nan,nan,nan,nan,nan,nan,-3.305869839975864579e+02,-2.119117402911638237e+02,5.620000000000000000e+02,0.000000000000000000e+00,-1.320041659783372779e+03,-2.044396367689189447e+03,4.826000000000000000e+03,0.000000000000000000e+00,-1.265158050194040243e+03,-9.036646263373645525e+02,5.643500000000000909e+03,0.000000000000000000e+00,-1.265158050194040243e+03,-9.036646263373645525e+02,5.643500000000000909e+03,0.000000000000000000e+00,-0.000000000000000000e+00,0.000000000000000000e+00,0.000000000000000000e+00,0.000000000000000000e+00,-1.060115096025891035e+03,8.615303643569521341e+01,5.134000000000000909e+03,0.000000000000000000e+00,-3.328633782794815943e+02,3.478668930861812925e+01,6.330000000000001137e+02,0.000000000000000000e+00,-0.000000000000000000e+00,0.000000000000000000e+00,0.000000000000000000e+00,0.000000000000000000e+00,-2.970818433007669341e+02,2.571090969512324591e+02,7.565000000000003411e+02,0.000000000000000000e+00,-0.000000000000000000e+00,0.000000000000000000e+00,0.000000000000000000e+00,0.000000000000000000e+00,-0.000000000000000000e+00,0.000000000000000000e+00,0.000000000000000000e+00,0.000000000000000000e+00,-0.000000000000000000e+00,0.000000000000000000e+00,0.000000000000000000e+00,0.000000000000000000e+00
-3.074321727070172869e+02,-2.292780203394011664e+02,6.620000000000001137e+02,0.000000000000000000e+00,-2.904288635244370198e+02,-3.052349327328154232e+02,6.570000000000000000e+02,0.000000000000000000e+00,-2.938137721289560886e+02,-3.036958956076844629e+02,6.550000000000000000e+02,0.000000000000000000e+00,nan,nan,nan,nan,nan,nan,nan,nan,-2.753901857646616804e+02,-2.513688271820116427e+02,6.650000000000000000e+02,0.000000000000000000e+00,-1.160176850704113576e+03,-3.119980056536124266e+03,7.848000000000001819e+03,0.000000000000000000e+00,-2.889931485332166403e+02,-1.625045816678916424e+02,7.010000000000001137e+02,0.000000000000000000e+00,-1.096652188112680506e+03,-2.218993139287101258e+03,1.135000000000000182e+04,0.000000000000000000e+00,-2.894368598476942793e+02,-2.968603501046264270e+01,7.250000000000001137e+02,0.000000000000000000e+00,-4.188497013355287208e+02,-1.820295889502921511e+02,7.526000000000001819e+03,0.000000000000000000e+00,-2.314681126375940892e+02,-5.466473394125699770e+00,7.360000000000001137e+02,0.000000000000000000e+00,-1.127515507557360024e+03,-1.239149819817190235e+02,6.662000000000001819e+03,0.000000000000000000e+00,-2.019462622750019420e+02,2.287041098447955392e+02,7.140000000000003411e+02,0.000000000000000000e+00,-0.000000000000000000e+00,0.000000000000000000e+00,0.000000000000000000e+00,0.000000000000000000e+00,-0.000000000000000000e+00,0.000000000000000000e+00,0.000000000000000000e+00,0.000000000000000000e+00,-0.000000000000000000e+00,0.000000000000000000e+00,0.000000000000000000e+00,0.000000000000000000e+00
-1.208062191409492016e+03,-2.828155662119949284e+03,6.661500000000000000e+03,0.000000000000000000e+00,-2.100073561894052716e+02,-3.696858257269857972e+02,8.120000000000000000e+02,0.000000000000000000e+00,-8.721200939795874092e+02,-3.190066970405323445e+03,6.950000000000000000e+03,0.000000000000000000e+00,-2.006973730809621372e+02,-3.565799894952951945e+02,8.080000000000000000e+02,0.000000000000000000e+00,-9.861676755138272483e+02,-3.273872094147088319e+03,7.418500000000000000e+03,0.000000000000000000e+00,-2.306163192276898997e+02,-2.485774107940181352e+02,7.970000000000002274e+02,0.000000000000000000e+00,-8.716222843038913197e+02,-3.741076822523139072e+03,1.144800000000000182e+04,0.000000000000000000e+00,-2.763642678445866636e+02,-2.042477335513349885e+02,7.920000000000002274e+02,0.000000000000000000e+00,-1.361487910565113566e+02,-1.982335860409839370e+03,1.144800000000000182e+04,0.000000000000000000e+00,-2.925906461227314139e+02,-3.451769312251035871e+01,8.430000000000002274e+02,0.000000000000000000e+00,3.293598177204482340e+02,-1.054488325705041689e+03,1.132800000000000182e+04,0.000000000000000000e+00,-2.029677509561697093e+02,-7.179828194204358915e+00,8.590000000000002274e+02,0.000000000000000000e+00,-7.976908219825248807e+02,-5.225458364724369886e+01,7.035500000000001819e+03,0.000000000000000000e+00,-0.000000000000000000e+00,0.000000000000000000e+00,0.000000000000000000e+00,0.000000000000000000e+00,-0.000000000000000000e+00,0.000000000000000000e+00,0.000000000000000000e+00,0.000000000000000000e+00,-0.000000000000000000e+00,0.000000000000000000e+00,0.000000000000000000e+00,0.000000000000000000e+00,-0.000000000000000000e+00,0.000000000000000000e+00,0.000000000000000000e+00,0.000000000000000000e+00
-1.878910510166378742e+02,-4.468791987027810819e+02,1.069000000000000000e+03,0.000000000000000000e+00,-1.677019203486407264e+02,-4.715889704091979411e+02,1.080000000000000000e+03,0.000000000000000000e+00,-1.958536713012411212e+02,-4.667857494142894552e+02,1.069000000000000000e+03,0.000000000000000000e+00,-2.014480394398299552e+02,-4.589581789165894179e+02,1.067000000000000000e+03,0.000000000000000000e+00,-6.460063975632531310e+02,-2.980737665470192496e+03,6.885000000000000000e+03,0.000000000000000000e+00,-2.235135599378604638e+02,-3.390663470076327144e+02,1.068000000000000227e+03,0.000000000000000000e+00,-4.822973097909664375e+02,-3.103109762051915368e+03,9.633000000000001819e+03,0.000000000000000000e+00,-2.729448009310639804e+02,-1.909954973822549107e+02,1.103000000000000227e+03,0.000000000000000000e+00,5.696946520087006149e+01,-2.244996254512084306e+03,1.170600000000000182e+04,0.000000000000000000e+00,-3.150051677633420582e+02,-5.517020623989559880e+01,1.140000000000000227e+03,0.000000000000000000e+00,6.686764781099973334e+02,-1.380011172686953387e+03,1.300400000000000364e+04,0.000000000000000000e+00,-2.101442104607331203e+02,-3.094607476519048106e+01,1.147000000000000227e+03,0.000000000000000000e+00,-0.000000000000000000e+00,-0.000000000000000000e+00,0.000000000000000000e+00,0.000000000000000000e+00,-1.595604115291143330e+02,2.705185441338811643e+02,1.605000000000000682e+03,0.000000000000000000e+00,-0.000000000000000000e+00,0.000000000000000000e+00,0.000000000000000000e+00,0.000000000000000000e+00,-0.000000000000000000e+00,0.000000000000000000e+00,0.000000000000000000e+00,0.000000000000000000e+00,-2.240983068720425138e+02,5.188033416433337379e+02,1.275000000000000455e+03,0.000000000000000000e+00
-3.430460402431209559e+02,-3.386375186242689324e+03,8.229000000000001819e+03,0.000000000000000000e+00,-1.740240462960404670e+02,-5.652325749729468498e+02,1.300000000000000000e+03,0.000000000000000000e+00,-3.335326513546471006e+02,-3.402700101337139586e+03,7.826000000000000000e+03,0.000000000000000000e+00,-1.726807050606539917e+02,-5.466556319186623796e+02,1.299000000000000000e+03,0.000000000000000000e+00,-4.595517188479817605e+02,-3.362416088552819019e+03,7.990000000000001819e+03,0.000000000000000000e+00,-2.150779125988919134e+02,-3.983258771022632914e+02,1.337000000000000227e+03,0.000000000000000000e+00,-3.121601653966592593e+01,-1.114660411665803394e+03,3.430500000000000909e+03,0.000000000000000000e+00,-2.504540358597051011e+02,-2.404804772448818824e+02,1.374000000000000227e+03,0.000000000000000000e+00,2.746217935841439157e+02,-1.482601342712680662e+03,7.923000000000001819e+03,0.000000000000000000e+00,-2.637515567923546769e+02,-1.105315492304968359e+02,1.397000000000000227e+03,0.000000000000000000e+00,1.027373891500595278e+02,-1.663216835925841792e+02,1.718000000000000455e+03,0.000000000000000000e+00,-1.743753519026996344e+02,-8.339507624765563776e+01,1.400000000000000227e+03,0.000000000000000000e+00,-0.000000000000000000e+00,-0.000000000000000000e+00,0.000000000000000000e+00,0.000000000000000000e+00,-1.473324173745466794e+02,1.380181724623741388e+02,1.482000000000000682e+03,0.000000000000000000e+00,-3.210947112508576851e+01,1.710792056770454224e+02,1.837000000000000909e+03,0.000000000000000000e+00,-0.000000000000000000e+00,0.000000000000000000e+00,0.000000000000000000e+00,0.000000000000000000e+00,-0.000000000000000000e+00,0.000000000000000000e+00,0.000000000000000000e+00,0.000000000000000000e+00
-2.908595455825093836e+02,-3.447221852256059719e+03,8.732500000000001819e+03,0.000000000000000000e+00,-3.166883507191890317e+02,-3.440643724759569068e+03,8.342000000000001819e+03,0.000000000000000000e+00,-2.578312413653418389e+02,-3.351264145330459996e+03,7.963500000000001819e+03,0.000000000000000000e+00,-1.740491977361871818e+02,-5.952388189781166830e+02,1.463000000000000227e+03,0.000000000000000000e+00,-3.599987613075267063e+02,-3.428896800218259614e+03,8.447000000000001819e+03,0.000000000000000000e+00,-2.267471391269638445e+02,-4.513217650951881978e+02,1.487000000000000227e+03,0.000000000000000000e+00,-1.226087372704124689e+01,-4.737391467296700398e+02,1.501000000000000227e+03,0.000000000000000000e+00,-2.267266159935910537e+02,-3.203349791805427458e+02,1.496000000000000227e+03,0.000000000000000000e+00,5.362109234818511538e+01,-2.952458617349118981e+02,1.547000000000000455e+03,0.000000000000000000e+00,-1.517786351016623598e+02,-3.083009689982828263e+02,1.485000000000000227e+03,0.000000000000000000e+00,9.766208128582080406e+01,-1.467184633500116604e+02,1.771000000000000455e+03,0.000000000000000000e+00,-1.682816629115608293e+02,-9.831800247336245491e+01,1.509000000000000227e+03,0.000000000000000000e+00,-0.000000000000000000e+00,-0.000000000000000000e+00,0.000000000000000000e+00,0.000000000000000000e+00,-1.469302337518707304e+02,1.548195920569189354e+02,1.614000000000000682e+03,0.000000000000000000e+00,-0.000000000000000000e+00,0.000000000000000000e+00,0.000000000000000000e+00,0.000000000000000000e+00,-1.480021875879289439e+02,4.806031671410103741e+02,1.811000000000000909e+03,0.000000000000000000e+00,-3.108622563884431855e+01,5.345271215184521907e+02,2.260000000000000909e+03,0.000000000000000000e+00
1.661739116236227005e+02,-3.292699221915815087e+03,9.282500000000001819e+03,0.000000000000000000e+00,-2.316933691992709043e+01,-3.274996170300938502e+03,8.973500000000001819e+03,0.000000000000000000e+00,1.475009264585739004e+02,-3.441822831117542137e+03,9.196000000000001819e+03,0.000000000000000000e+00,-8.888723075462232259e+01,-6.585338772363770659e+02,1.809000000000000455e+03,0.000000000000000000e+00,7.883120507619931061e+01,-3.340357577402429797e+03,9.176000000000001819e+03,0.000000000000000000e+00,-1.489444827140235645e+02,-4.848489064595951845e+02,1.802000000000000455e+03,0.000000000000000000e+00,4.981445492577194045e+01,-4.976631526871419737e+02,1.770000000000000455e+03,0.000000000000000000e+00,-1.742621182603174361e+02,-3.098799624424687522e+02,1.839000000000000455e+03,0.000000000000000000e+00,9.862682561489937427e+01,-3.084551490592344862e+02,1.851000000000000455e+03,0.000000000000000000e+00,-1.310981750580341441e+02,-2.748853215624415043e+02,1.834000000000000455e+03,0.000000000000000000e+00,1.128528179579235200e+02,-1.356103157603831733e+02,1.917000000000000455e+03,0.000000000000000000e+00,-1.082437375128330217e+02,-1.396339838275241902e+02,1.852000000000000455e+03,0.000000000000000000e+00,2.984985038488538933e+01,-1.541745117415989341e+02,1.861000000000000455e+03,0.000000000000000000e+00,-1.158709909886487992e+02,1.706338018805754757e+02,2.082000000000000909e+03,0.000000000000000000e+00,0.000000000000000000e+00,0.000000000000000000e+00,0.000000000000000000e+00,0.000000000000000000e+00,-1.436075429070832286e+02,4.770320441175915107e+02,2.009000000000000909e+03,0.000000000000000000e+00,8.867907070681482651e+01,4.408824047301287123e+02,2.428000000000000909e+03,0.000000000000000000e+00
-7.494912968582606538e+01,-6.673999172115195506e+02,1.927000000000000455e+03,0.000000000000000000e+00,-6.766683368615396432e+01,-6.896491364672930331e+02,1.924000000000000455e+03,0.000000000000000000e+00,-5.341877053461379887e+01,-6.961070627464691825e+02,1.927000000000000455e+03,0.000000000000000000e+00,-5.880136032241686195e+01,-6.727825069993225497e+02,1.927000000000000455e+03,0.000000000000000000e+00,2.454438082637457512e+02,-3.234482525603725662e+03,9.339000000000001819e+03,0.000000000000000000e+00,-1.293764677548661552e+02,-5.172980009831571806e+02,1.936000000000000455e+03,0.000000000000000000e+00,9.455793229813478717e+01,-5.098164183243097796e+02,1.908000000000000455e+03,0.000000000000000000e+00,-1.535203370731200039e+02,-3.223085819577033817e+02,1.945000000000000455e+03,0.000000000000000000e+00,1.346981263298123679e+02,-3.157127056984903675e+02,1.949000000000000455e+03,0.000000000000000000e+00,-1.065996466522843065e+02,-2.647657372917130374e+02,1.948000000000000455e+03,0.000000000000000000e+00,0.000000000000000000e+00,-0.000000000000000000e+00,0.000000000000000000e+00,0.000000000000000000e+00,-7.638821520651936225e+01,-1.462497249580806340e+02,1.964000000000000455e+03,0.000000000000000000e+00,6.654979660850406731e+01,-1.505939649001382747e+02,1.973000000000000455e+03,0.000000000000000000e+00,-7.863983374336837073e+01,1.541085135392610539e+02,2.236000000000000909e+03,0.000000000000000000e+00,9.092305389853613917e+01,1.398437258324400716e+02,2.208000000000000909e+03,0.000000000000000000e+00,-1.176397510912486268e+02,3.775100986136480969e+02,2.079000000000000909e+03,0.000000000000000000e+00,8.851735703846864567e+01,4.187293349702128467e+02,2.306000000000000909e+03,0.000000000000000000e+00
6.518579725717205520e+01,-7.890223907611497225e+02,2.242000000000000455e+03,0.000000000000000000e+00,9.567732011980704954e+01,-8.836060674758408595e+02,2.433500000000000455e+03,0.000000000000000000e+00,4.991922284081344685e+01,-8.035423165498400522e+02,2.213000000000000455e+03,0.000000000000000000e+00,8.611107023878522782e+00,-7.822415384959299445e+02,2.188000000000000455e+03,0.000000000000000000e+00,5.434909614323534015e+02,-3.428933484627095368e+03,9.692000000000001819e+03,0.000000000000000000e+00,-6.140247884492452357e+01,-6.248442033647577318e+02,2.215000000000000455e+03,0.000000000000000000e+00,1.894170335184175258e+02,-6.283204074202172933e+02,2.280000000000000455e+03,0.000000000000000000e+00,-1.032209827783053981e+02,-4.253379846000155453e+02,2.273000000000000455e+03,0.000000000000000000e+00,1.189020739665849760e+03,-2.044551359258093953e+03,1.137900000000000182e+04,0.000000000000000000e+00,-1.153548221486958028e+02,-2.552312834073963188e+02,2.304000000000000455e+03,0.000000000000000000e+00,0.000000000000000000e+00,-0.000000000000000000e+00,0.000000000000000000e+00,0.000000000000000000e+00,-2.082887679909522660e+01,-2.301258870578201936e+02,2.289000000000000455e+03,0.000000000000000000e+00,1.372535483855109533e+02,-2.293146031170579136e+02,2.260000000000000455e+03,0.000000000000000000e+00,9.890179136657275549e+00,5.386940635845988368e+01,2.513000000000000909e+03,0.000000000000000000e+00,1.259285670699999713e+02,7.812843706515647568e+01,2.541000000000000909e+03,0.000000000000000000e+00,5.628371784445009851e-01,3.249899873003546418e+02,2.664000000000001364e+03,0.000000000000000000e+00,1.092326283076102555e+02,4.321680002644476417e+02,2.714000000000001364e+03,0.000000000000000000e+00
9.455679263946412050e+01,-7.904052866852537136e+02,2.405000000000000455e+03,0.000000000000000000e+00,1.174842378838196595e+02,-8.277628874311994878e+02,2.416000000000000455e+03,0.000000000000000000e+00,7.196921228040436347e+01,-8.173006840787430747e+02,2.398500000000000455e+03,0.000000000000000000e+00,3.623042364417403860e+01,-8.037338869894221034e+02,2.398000000000000455e+03,0.000000000000000000e+00,6.510879767752192038e+02,-3.200690889827142200e+03,9.549500000000001819e+03,0.000000000000000000e+00,-2.467536410024822402e+01,-6.504390852373992402e+02,2.460000000000000455e+03,0.000000000000000000e+00,2.167838301376789900e+02,-6.282610132768306812e+02,2.445000000000000455e+03,0.000000000000000000e+00,-8.037480201520813239e+01,-4.640156294928849547e+02,2.556000000000000455e+03,0.000000000000000000e+00,3.289169718515422574e+02,-4.686532373773646327e+02,2.692000000000000455e+03,0.000000000000000000e+00,-8.706634436331886207e+01,-2.895722981019678741e+02,2.614000000000000455e+03,0.000000000000000000e+00,-1.042227736789659502e+02,-2.874679867598609917e+02,2.617000000000000455e+03,0.000000000000000000e+00,2.463368156421434918e+01,-2.287722363135630985e+02,2.587000000000000455e+03,0.000000000000000000e+00,1.741325402046083184e+02,-2.068301133075045470e+02,2.554000000000000455e+03,0.000000000000000000e+00,6.400574214262550754e+01,1.142323157621785867e+02,2.725000000000001364e+03,0.000000000000000000e+00,1.317807469640526961e+02,1.161267484687618179e+02,2.710000000000001364e+03,0.000000000000000000e+00,7.671988933765750573e+01,3.985449941021907989e+02,2.726000000000001364e+03,0.000000000000000000e+00,1.096351066727820012e+02,4.007888609227665597e+02,2.724000000000001364e+03,0.000000000000000000e+00
1.279109136590596876e+02,-7.857665919502520637e+02,2.581000000000000455e+03,0.000000000000000000e+00,1.515300748167423706e+02,-8.195846008118318196e+02,2.574000000000000455e+03,0.000000000000000000e+00,1.076752755206560153e+02,-8.094100913565762312e+02,2.557000000000000455e+03,0.000000000000000000e+00,1.902469404723860293e+02,-8.146602220752511130e+02,2.612000000000000455e+03,0.000000000000000000e+00,6.990936727500962888e+01,-8.036408455308771863e+02,2.569000000000000455e+03,0.000000000000000000e+00,2.337186814899475849e+02,-6.454335438709506434e+02,2.636000000000000455e+03,0.000000000000000000e+00,5.601962382303282695e-01,-6.566350697610945417e+02,2.651500000000000455e+03,0.000000000000000000e+00,3.537651476141986109e+02,-4.547672078782555332e+02,2.729000000000000455e+03,0.000000000000000000e+00,-5.971945428510777276e+01,-4.496012923618663990e+02,2.698000000000000455e+03,0.000000000000000000e+00,3.214976027613039946e+02,-5.522462808192473176e+02,2.672000000000000455e+03,0.000000000000000000e+00,-8.702553387210035396e+01,-2.756553787659944419e+02,2.767500000000000455e+03,0.000000000000000000e+00,2.058164926853413590e+02,-2.299280964235258864e+02,2.656000000000000455e+03,0.000000000000000000e+00,6.308969665874939636e+01,-2.325251758259000496e+02,2.686000000000000455e+03,0.000000000000000000e+00,1.511528880883310535e+02,7.406946942143795809e+01,2.741000000000001364e+03,0.000000000000000000e+00,1.157603959351909992e+02,7.940474509684635507e+01,2.749000000000001364e+03,0.000000000000000000e+00,1.196972573292896271e+02,3.547992441521171259e+02,2.781000000000001364e+03,0.000000000000000000e+00,1.249208432299303979e+02,3.601073687031799295e+02,2.782000000000001364e+03,0.000000000000000000e+00
1.469545029961601585e+02,-8.216774637606895340e+02,2.758000000000000455e+03,0.000000000000000000e+00,1.733848930880761827e+02,-8.536226586796283300e+02,2.770000000000000455e+03,0.000000000000000000e+00,1.160551659503042430e+02,-8.493083203325110162e+02,2.756000000000000455e+03,0.000000000000000000e+00,2.063072200949588932e+02,-8.702458056389714329e+02,2.832500000000000455e+03,0.000000000000000000e+00,7.243207362403718719e+01,-8.416101275690522243e+02,2.756000000000000455e+03,0.000000000000000000e+00,2.822517838774374468e+02,-7.093060205439815036e+02,2.801000000000000455e+03,0.000000000000000000e+00,2.425245116936689627e+01,-6.859642347495074546e+02,2.823000000000000455e+03,0.000000000000000000e+00,3.734126584149462360e+02,-5.371941646429172579e+02,2.944000000000000455e+03,0.000000000000000000e+00,-3.671478068190894817e+01,-4.691002239549597448e+02,2.863000000000000455e+03,0.000000000000000000e+00,4.555183349978133833e+02,-4.547451920231749227e+02,3.323000000000000909e+03,0.000000000000000000e+00,-8.397986853120760031e+01,-2.810246950934482015e+02,2.931000000000000455e+03,0.000000000000000000e+00,2.410591862342672300e+02,-2.668230158310169031e+02,2.838000000000000455e+03,0.000000000000000000e+00,9.184383863318292640e+01,-2.548595226345917695e+02,2.882000000000000455e+03,0.000000000000000000e+00,2.420310600754542349e+02,2.514419335430400437e+01,3.366000000000001364e+03,0.000000000000000000e+00,1.478891679911683354e+02,6.471893523097400625e+00,3.436000000000001364e+03,0.000000000000000000e+00,1.925622697108857153e+02,2.670984524837611502e+02,2.987500000000001364e+03,0.000000000000000000e+00,1.296805877958446729e+02,2.689584899266781122e+02,2.888000000000001364e+03,0.000000000000000000e+00
1.863531571445994075e+02,-8.570473323459249286e+02,2.850000000000000455e+03,0.000000000000000000e+00,2.140713060411599997e+02,-9.159167247231861211e+02,2.902000000000000455e+03,0.000000000000000000e+00,1.569982752234510599e+02,-8.985578619183015689e+02,2.847000000000000455e+03,0.000000000000000000e+00,1.039093723891634937e+02,-8.793841161647344506e+02,2.845000000000000455e+03,0.000000000000000000e+00,7.911522063080923317e+02,-2.884626011066101000e+03,9.417500000000001819e+03,0.000000000000000000e+00,3.837492135536299287e+01,-7.228270140975097320e+02,2.897000000000000455e+03,0.000000000000000000e+00,2.891283489164023877e+02,-7.225775052904343738e+02,2.896000000000000455e+03,0.000000000000000000e+00,1.157855432552554831e+01,-5.258722403182625840e+02,2.942000000000000455e+03,0.000000000000000000e+00,3.684227768170332524e+02,-5.444708462427302038e+02,3.062000000000000455e+03,0.000000000000000000e+00,2.030095542533791075e+01,-4.100606927151426930e+02,3.017000000000000455e+03,0.000000000000000000e+00,6.919316903431060837e+02,-6.803336651934824886e+02,5.536500000000000909e+03,0.000000000000000000e+00,1.103740328154840284e+02,-3.432107013932562722e+02,3.022000000000000455e+03,0.000000000000000000e+00,2.732851075394068516e+02,-3.386963186035240483e+02,2.958000000000000455e+03,0.000000000000000000e+00,1.364402393864969838e+02,-4.125365267174455397e+01,3.170000000000000909e+03,0.000000000000000000e+00,4.332557511176628964e+02,-1.046912059235753105e+02,4.689500000000000909e+03,0.000000000000000000e+00,1.369988226604126282e+02,2.254874622169276677e+02,2.989000000000001364e+03,0.000000000000000000e+00,3.268962475050158787e+02,2.420261460761674925e+02,3.766000000000001819e+03,0.000000000000000000e+00
2.709580000307655041e+02,-8.731571037386406715e+02,3.190000000000000909e+03,0.000000000000000000e+00,2.920831354963201534e+02,-9.222015761765045454e+02,3.226500000000000909e+03,0.000000000000000000e+00,2.293039365955506810e+02,-9.233601797493621461e+02,3.189000000000000909e+03,0.000000000000000000e+00,1.584873175513415333e+02,-9.264189251800064540e+02,3.139000000000000909e+03,0.000000000000000000e+00,4.511067400377511376e+02,-1.408664019439766662e+03,4.834000000000000909e+03,0.000000000000000000e+00,9.350469401385606716e+01,-7.455274388643927068e+02,3.216000000000000909e+03,0.000000000000000000e+00,1.024081108423779654e+02,-7.449478932806983948e+02,3.213500000000000909e+03,0.000000000000000000e+00,5.585079088590778440e+01,-5.790621925541546489e+02,3.291000000000000909e+03,0.000000000000000000e+00,5.607989622682536179e+01,-5.445164034399452930e+02,3.304500000000000909e+03,0.000000000000000000e+00,4.020491450554804942e+02,-3.696585319836992767e+02,3.394000000000000909e+03,0.000000000000000000e+00,5.434244659000091815e+01,-3.595415143850660229e+02,3.388000000000000909e+03,0.000000000000000000e+00,3.130526867894993757e+02,-3.306614427842597479e+02,3.289000000000000909e+03,0.000000000000000000e+00,1.589247349499650568e+02,-3.318821037211539533e+02,3.332000000000000909e+03,0.000000000000000000e+00,3.298046700290712465e+02,-6.122372485925536978e+01,3.465000000000000909e+03,0.000000000000000000e+00,1.732303238351872494e+02,-4.145570162900497024e+01,3.431000000000000909e+03,0.000000000000000000e+00,3.570685501369817416e+02,2.081980607357034785e+02,3.788500000000001819e+03,0.000000000000000000e+00,1.925114645848900352e+02,2.759254612449915953e+02,3.613000000000001819e+03,0.000000000000000000e+00
3.013983403532332090e+02,-9.427089931189443632e+02,3.364000000000000909e+03,0.000000000000000000e+00,5.933628608834718534e+02,-1.834047677981081506e+03,6.234000000000001819e+03,0.000000000000000000e+00,8.892316103837227956e+02,-2.511572173711963387e+03,8.510000000000001819e+03,0.000000000000000000e+00,2.068168346508737159e+02,-9.680123137499109589e+02,3.354000000000000909e+03,0.000000000000000000e+00,8.285666879443874677e+02,-2.373130962972165435e+03,8.222500000000001819e+03,0.000000000000000000e+00,1.404201149429388806e+02,-7.873251837396977635e+02,3.410000000000000909e+03,0.000000000000000000e+00,4.045190645522096133e+02,-7.887638022840536678e+02,3.362000000000000909e+03,0.000000000000000000e+00,9.072406318946893578e+01,-6.041765701960204069e+02,3.452000000000000909e+03,0.000000000000000000e+00,5.839646329288085553e+02,-8.058021231698950260e+02,4.604000000000000909e+03,0.000000000000000000e+00,1.126960855457310231e+02,-5.720509830098736757e+02,4.996000000000000909e+03,0.000000000000000000e+00,4.474863651113893752e+02,-3.973926231020658406e+02,3.528000000000000909e+03,0.000000000000000000e+00,1.990184387445654863e+02,-3.837188677991025543e+02,3.435000000000000909e+03,0.000000000000000000e+00,3.602903164045917492e+02,-3.659088375441875769e+02,3.448000000000000909e+03,0.000000000000000000e+00,2.053337254470858966e+02,-1.055164381736177859e+02,3.544000000000000909e+03,0.000000000000000000e+00,3.688206762454381646e+02,-1.075524836814647216e+02,3.729000000000000909e+03,0.000000000000000000e+00,1.744464998372293962e+02,1.442813963539439328e+02,3.520000000000001364e+03,0.000000000000000000e+00,3.794895294100737146e+02,1.819844108259375162e+02,3.987000000000001819e+03,0.000000000000000000e+00
2.952579548791473485e+02,-1.002571692441692562e+03,3.554000000000000909e+03,0.000000000000000000e+00,3.267094486304724796e+02,-1.041608956566317374e+03,3.609000000000000909e+03,0.000000000000000000e+00,2.727835170588233495e+02,-1.034967595612764399e+03,3.563000000000000909e+03,0.000000000000000000e+00,2.387347960508313349e+02,-1.021275369704294349e+03,3.550000000000000909e+03,0.000000000000000000e+00,6.839199369206183974e+02,-1.887562128953861929e+03,6.604000000000001819e+03,0.000000000000000000e+00,1.584186681938157903e+02,-8.375638888629166559e+02,3.528000000000000909e+03,0.000000000000000000e+00,4.420414320858965311e+02,-8.265275716860123794e+02,3.537000000000000909e+03,0.000000000000000000e+00,9.823776405713692839e+01,-6.419137018080522239e+02,3.610000000000000909e+03,0.000000000000000000e+00,4.826909309352972741e+02,-6.367303650723013106e+02,3.697000000000000909e+03,0.000000000000000000e+00,2.269495403019342632e+02,-7.047683512501478162e+02,3.521000000000000909e+03,0.000000000000000000e+00,7.644639499334915627e+02,-6.884061508925611861e+02,5.732500000000000909e+03,0.000000000000000000e+00,2.156581196092696757e+02,-4.099021599386121011e+02,3.551000000000000909e+03,0.000000000000000000e+00,3.879118685556497326e+02,-4.069393902356066519e+02,3.554000000000000909e+03,0.000000000000000000e+00,2.351999070041914592e+02,-1.494128851767970900e+02,3.649000000000000909e+03,0.000000000000000000e+00,3.764858438410746544e+02,-1.298305350854723486e+02,3.771000000000000909e+03,0.000000000000000000e+00,2.018037190657597364e+02,7.503881963478302453e+01,3.659500000000001819e+03,0.000000000000000000e+00,3.840582521117751753e+02,1.766615059246910278e+02,4.035000000000001819e+03,0.000000000000000000e+00
3.792475166252554004e+02,-1.047853851334745286e+03,3.908000000000000909e+03,0.000000000000000000e+00,3.967289798273596375e+02,-1.082298478934812010e+03,3.901000000000000909e+03,0.000000000000000000e+00,3.457014943586136724e+02,-1.081743596351405358e+03,3.899000000000000909e+03,0.000000000000000000e+00,3.212752096884483990e+02,-1.052299707637889469e+03,3.911000000000000909e+03,0.000000000000000000e+00,4.552595851695877514e+02,-1.062690988278948907e+03,3.936000000000000909e+03,0.000000000000000000e+00,2.671986785676824638e+02,-8.756554348221764030e+02,3.919000000000000909e+03,0.000000000000000000e+00,5.470777156820478240e+02,-8.967826036927104951e+02,3.964000000000000909e+03,0.000000000000000000e+00,1.295778772966545830e+03,-1.476566249658462993e+03,8.175500000000001819e+03,0.000000000000000000e+00,1.323797424581403675e+03,-1.499684160484257518e+03,8.303500000000001819e+03,0.000000000000000000e+00,1.441455111838950415e+03,-1.287494499575447435e+03,8.590000000000001819e+03,0.000000000000000000e+00,1.438434600545224839e+03,-1.268834122679159464e+03,8.572000000000001819e+03,0.000000000000000000e+00,3.315435301208329975e+02,-4.358243050341357616e+02,4.036000000000000909e+03,0.000000000000000000e+00,4.812605913504790465e+02,-4.502971633473602537e+02,4.031000000000000909e+03,0.000000000000000000e+00,3.950986834299135921e+02,-1.560343050018802558e+02,4.192000000000000909e+03,0.000000000000000000e+00,4.462643917065918231e+02,-1.561831926974927285e+02,4.196000000000000909e+03,0.000000000000000000e+00,4.036283663617855382e+02,9.977565262633950738e+01,4.282500000000001819e+03,0.000000000000000000e+00,4.206065522841931852e+02,1.120117021014147554e+02,4.293000000000001819e+03,0.000000000000000000e+00
3.726249923398304418e+02,-1.059491499619804927e+03,3.993000000000000909e+03,0.000000000000000000e+00,3.873992032671493462e+02,-1.096394988616346154e+03,3.992000000000000909e+03,0.000000000000000000e+00,3.502303770555769233e+02,-1.096394988616346154e+03,3.992000000000000909e+03,0.000000000000000000e+00,3.352788378418472348e+02,-1.073824631343087958e+03,3.991000000000000909e+03,0.000000000000000000e+00,4.562377478972816789e+02,-1.086133161234983618e+03,4.009000000000000909e+03,0.000000000000000000e+00,2.993457477308846819e+02,-9.104917187539352881e+02,4.058000000000000909e+03,0.000000000000000000e+00,5.507241898106257167e+02,-9.151073743534344658e+02,4.045000000000000909e+03,0.000000000000000000e+00,2.453019617541002333e+02,-8.707130573650124461e+02,4.102000000000000909e+03,0.000000000000000000e+00,6.711450163901977248e+02,-7.732686126075676611e+02,4.259500000000000909e+03,0.000000000000000000e+00,1.312469510801112165e+03,-1.145014740548837835e+03,7.735500000000001819e+03,0.000000000000000000e+00,1.089229933753972773e+03,-9.668465389348575627e+02,6.491000000000001819e+03,0.000000000000000000e+00,3.482161821233913770e+02,-4.668912762919679835e+02,4.145000000000000909e+03,0.000000000000000000e+00,4.981033882820660779e+02,-4.703733863499921881e+02,4.108000000000000909e+03,0.000000000000000000e+00,3.805726023947094063e+02,-2.151950507766370038e+02,4.204000000000000909e+03,0.000000000000000000e+00,4.811963344318530176e+02,-2.107782077634807365e+02,4.194000000000000909e+03,0.000000000000000000e+00,3.862757598520992133e+02,5.968522253561658175e+01,4.267000000000001819e+03,0.000000000000000000e+00,4.345611204312504015e+02,6.772618211078304284e+01,4.273000000000001819e+03,0.000000000000000000e+00
4.631575948261009898e+02,-1.139911518058416959e+03,4.207500000000000909e+03,0.000000000000000000e+00,4.981196676051239365e+02,-1.212595960064287738e+03,4.341500000000000909e+03,0.000000000000000000e+00,4.322220364691818872e+02,-1.187039693717199953e+03,4.250000000000000909e+03,0.000000000000000000e+00,3.897869738704386009e+02,-1.162668332853463426e+03,4.219000000000000909e+03,0.000000000000000000e+00,1.399685425977565501e+03,-3.143644564784346585e+03,1.136900000000000182e+04,0.000000000000000000e+00,3.484276484983522550e+02,-9.644357485036458684e+02,4.194000000000000909e+03,0.000000000000000000e+00,8.047129135359676866e+02,-1.318074291234082921e+03,5.640500000000000909e+03,0.000000000000000000e+00,3.388804431864610933e+02,-8.095104382620457955e+02,4.221000000000000909e+03,0.000000000000000000e+00,7.173901302088438570e+02,-8.265505325043444600e+02,4.553000000000000909e+03,0.000000000000000000e+00,4.164933943871118913e+02,-7.291768263614460466e+02,4.211000000000000909e+03,0.000000000000000000e+00,1.857980847736490887e+03,-1.570682134503714451e+03,1.132350000000000182e+04,0.000000000000000000e+00,3.910804125132891045e+02,-5.635115827250756411e+02,4.233000000000000909e+03,0.000000000000000000e+00,5.525375903733364567e+02,-5.554723456232928811e+02,4.202000000000000909e+03,0.000000000000000000e+00,4.112802248760798989e+02,-2.694625726549590468e+02,4.321000000000000909e+03,0.000000000000000000e+00,5.565040892648017916e+02,-2.736095897994984512e+02,4.387500000000000909e+03,0.000000000000000000e+00,4.159280748989046970e+02,3.296533727645382328e+01,4.413000000000001819e+03,0.000000000000000000e+00,5.547895581443821129e+02,1.768167228836627913e+01,4.720500000000001819e+03,0.000000000000000000e+00
1.491709455746676213e+03,-2.867135487455382190e+03,1.088200000000000182e+04,0.000000000000000000e+00,4.269749254261621445e+02,-1.221262126044102160e+03,4.358000000000000909e+03,0.000000000000000000e+00,1.483074141677613852e+03,-2.981703389122627414e+03,1.096800000000000182e+04,0.000000000000000000e+00,4.259883755937522665e+02,-1.146817558849370243e+03,4.307000000000000909e+03,0.000000000000000000e+00,1.421515378565195988e+03,-2.928820788109451314e+03,1.081050000000000182e+04,0.000000000000000000e+00,3.914376363407013741e+02,-9.642867979696039811e+02,4.280000000000000909e+03,0.000000000000000000e+00,1.072116956239145338e+03,-1.726534428303497862e+03,7.418000000000001819e+03,0.000000000000000000e+00,3.691589764993022982e+02,-8.124612335503567238e+02,4.299000000000000909e+03,0.000000000000000000e+00,7.019829463105315881e+02,-7.974830786424419102e+02,4.508500000000000909e+03,0.000000000000000000e+00,4.756515667839767616e+02,-7.643172635719181471e+02,4.321000000000000909e+03,0.000000000000000000e+00,1.474774260985160026e+03,-1.205619570568188919e+03,9.250500000000001819e+03,0.000000000000000000e+00,4.380394518083614912e+02,-5.665454054656418066e+02,4.347000000000000909e+03,0.000000000000000000e+00,6.188504095967994090e+02,-5.804907375072389186e+02,4.454000000000000909e+03,0.000000000000000000e+00,4.472093598172321549e+02,-2.808909739422382472e+02,4.438000000000000909e+03,0.000000000000000000e+00,9.145202954571471992e+02,-4.288463169514052993e+02,6.582000000000001819e+03,0.000000000000000000e+00,4.288404125968766039e+02,2.551588066169592750e+01,4.550000000000001819e+03,0.000000000000000000e+00,7.100693358183996224e+02,-4.680375047610335848e+00,5.145000000000002728e+03,0.000000000000000000e+00
1.528059351441569561e+03,-2.728681293700052265e+03,1.050500000000000182e+04,0.000000000000000000e+00,1.509844298191852886e+03,-2.817917396169696985e+03,1.058300000000000182e+04,0.000000000000000000e+00,1.545330195976603363e+03,-2.865446287336312707e+03,1.076150000000000182e+04,0.000000000000000000e+00,5.055733751124843707e+02,-1.190226999385799445e+03,4.632000000000000909e+03,0.000000000000000000e+00,9.023252280997745629e+02,-1.675651882499670592e+03,6.451000000000001819e+03,0.000000000000000000e+00,4.616469217504988478e+02,-1.015958261069228001e+03,4.624000000000000909e+03,0.000000000000000000e+00,7.322805202429086648e+02,-1.070046919459913624e+03,4.789000000000000909e+03,0.000000000000000000e+00,4.235391808163056453e+02,-8.407106338738459499e+02,4.631000000000000909e+03,0.000000000000000000e+00,1.859225764250350494e+03,-2.407627730276080911e+03,1.095800000000000182e+04,0.000000000000000000e+00,5.422728569596830539e+02,-8.075523449839043906e+02,4.614000000000000909e+03,0.000000000000000000e+00,6.919915715944276826e+02,-1.113409703627414956e+03,4.727000000000000909e+03,0.000000000000000000e+00,5.030612497576426563e+02,-6.041191383861133772e+02,4.570000000000000909e+03,0.000000000000000000e+00,6.697400973227208851e+02,-6.047801002443036396e+02,4.575000000000000909e+03,0.000000000000000000e+00,5.179219212493892428e+02,-3.459781941909451461e+02,4.705000000000000909e+03,0.000000000000000000e+00,7.282950423982431403e+02,-3.612365311292277852e+02,4.912500000000000909e+03,0.000000000000000000e+00,4.766482359335196861e+02,-5.878227584526644733e+01,4.865000000000001819e+03,0.000000000000000000e+00,8.158862353389589543e+02,-7.299423906492562253e+01,5.609000000000002728e+03,0.000000000000000000e+00
1.918108574607115315e+03,-2.947795098937541752e+03,1.143050000000000182e+04,0.000000000000000000e+00,1.929687201233062751e+03,-3.040538317352630202e+03,1.149950000000000182e+04,0.000000000000000000e+00,1.897318721133385907e+03,-3.040141708154314983e+03,1.149800000000000182e+04,0.000000000000000000e+00,6.099897293291070355e+02,-1.204855317110904934e+03,4.672000000000000909e+03,0.000000000000000000e+00,1.776093926708269692e+03,-2.952355579693004074e+03,1.140700000000000182e+04,0.000000000000000000e+00,5.353001423183059160e+02,-1.012528066401181036e+03,4.628000000000000909e+03,0.000000000000000000e+00,1.897316308517023572e+03,-2.529836393994383343e+03,1.118250000000000182e+04,0.000000000000000000e+00,5.477534610302126339e+02,-8.437451825097992923e+02,4.624000000000000909e+03,0.000000000000000000e+00,1.912839952433872668e+03,-1.890451459019873255e+03,1.068750000000000182e+04,0.000000000000000000e+00,6.257902195189640224e+02,-7.970755016377091806e+02,4.628000000000000909e+03,0.000000000000000000e+00,1.794660857262226500e+03,-1.310114992837063937e+03,9.773000000000001819e+03,0.000000000000000000e+00,5.867181027761595260e+02,-5.984763059347199032e+02,4.592000000000000909e+03,0.000000000000000000e+00,1.028391699772025277e+03,-8.262283409131434837e+02,6.339500000000001819e+03,0.000000000000000000e+00,6.431337424516506189e+02,-3.773799248288843273e+02,4.660000000000000909e+03,0.000000000000000000e+00,1.154699870292677588e+03,-5.146380124704619448e+02,7.372000000000001819e+03,0.000000000000000000e+00,5.800032932315272092e+02,-2.120512739757938618e+02,4.747000000000000909e+03,0.000000000000000000e+00,8.023889761358789201e+02,-2.993193333207080542e+01,5.378500000000002728e+03,0.000000000000000000e+00
1.984241876407005520e+03,-2.909987294937809565e+03,1.120300000000000182e+04,0.000000000000000000e+00,1.994868897078648843e+03,-2.988493052897035795e+03,1.126300000000000182e+04,0.000000000000000000e+00,1.961142330726699356e+03,-2.985043669101629348e+03,1.125000000000000182e+04,0.000000000000000000e+00,6.766705449013826410e+02,-1.255297374587992863e+03,4.903000000000000909e+03,0.000000000000000000e+00,1.823605699805127188e+03,-2.886869481026405083e+03,1.111400000000000182e+04,0.000000000000000000e+00,6.120164878697308950e+02,-1.043511037674441695e+03,4.790000000000000909e+03,0.000000000000000000e+00,1.939454699531353526e+03,-2.480109596273223815e+03,1.100800000000000182e+04,0.000000000000000000e+00,6.070492470020151359e+02,-8.822177839946305085e+02,4.786000000000000909e+03,0.000000000000000000e+00,1.755179420210002945e+03,-1.699559878637496240e+03,9.558000000000001819e+03,0.000000000000000000e+00,7.003358744463162111e+02,-8.194889149607238323e+02,4.784000000000000909e+03,0.000000000000000000e+00,1.914356872569996767e+03,-1.506187955659433555e+03,9.688000000000001819e+03,0.000000000000000000e+00,6.565208611250004651e+02,-6.509849167782856512e+02,4.757000000000000909e+03,0.000000000000000000e+00,1.217879406441779111e+03,-9.822934060614956024e+02,7.178000000000001819e+03,0.000000000000000000e+00,7.326685189887263050e+02,-3.818114338740185190e+02,4.942000000000000909e+03,0.000000000000000000e+00,8.069369138939935056e+02,-3.721931200632237164e+02,5.061500000000000909e+03,0.000000000000000000e+00,6.934899960138242250e+02,-1.835953650347944119e+02,5.059000000000000909e+03,0.000000000000000000e+00,7.641024058184259502e+02,-6.836133674595369314e+01,5.253000000000002728e+03,0.000000000000000000e+00
1.972360684199158868e+03,-2.551703718675983055e+03,1.007650000000000182e+04,0.000000000000000000e+00,1.966972183642278196e+03,-2.603900714227055687e+03,1.009700000000000182e+04,0.000000000000000000e+00,1.932048252141938974e+03,-2.594874614890822613e+03,1.006200000000000182e+04,0.000000000000000000e+00,8.912926184399361773e+02,-1.390735333216801337e+03,5.432000000000000909e+03,0.000000000000000000e+00,1.806389584778906737e+03,-2.540538502359109771e+03,9.887000000000001819e+03,0.000000000000000000e+00,7.820776302987924282e+02,-1.168979868493860067e+03,5.146000000000000909e+03,0.000000000000000000e+00,1.658144392971167690e+03,-1.949832392367184866e+03,8.763000000000001819e+03,0.000000000000000000e+00,7.615779405190381794e+02,-9.421356979167026111e+02,5.137000000000000909e+03,0.000000000000000000e+00,1.326881847054527270e+03,-1.253790261437997515e+03,6.978000000000001819e+03,0.000000000000000000e+00,7.859214351107852963e+02,-1.408463770406420508e+03,5.403000000000000909e+03,0.000000000000000000e+00,1.743947403911218316e+03,-1.358283768665597563e+03,8.243000000000001819e+03,0.000000000000000000e+00,7.899513039016760558e+02,-7.317368254572504611e+02,5.104000000000000909e+03,0.000000000000000000e+00,9.164628626919895851e+02,-7.255602359125342673e+02,5.094000000000000909e+03,0.000000000000000000e+00,8.587392654429801269e+02,-3.927808126589513904e+02,5.146000000000000909e+03,0.000000000000000000e+00,8.862981672251775080e+02,-3.895727831732270374e+02,5.167000000000000909e+03,0.000000000000000000e+00,1.028970470775821923e+03,-1.121875133327429950e+02,6.031500000000002728e+03,0.000000000000000000e+00,1.004320005163692372e+03,-1.113226008947138865e+02,5.985000000000002728e+03,0.000000000000000000e+00
1.941160178657371716e+03,-2.476952733333915148e+03,9.964500000000001819e+03,0.000000000000000000e+00,1.976137652356914487e+03,-2.535131054048031274e+03,1.004800000000000182e+04,0.000000000000000000e+00,1.937795637198312306e+03,-2.531065217899712025e+03,9.995000000000001819e+03,0.000000000000000000e+00,8.517305112360999146e+02,-1.287749691467073035e+03,5.104000000000000909e+03,0.000000000000000000e+00,1.762266687568013140e+03,-2.460521754741772384e+03,9.645500000000001819e+03,0.000000000000000000e+00,7.804300190228489100e+02,-1.138226833227874067e+03,5.073000000000000909e+03,0.000000000000000000e+00,1.633177937645921475e+03,-1.892536735510566132e+03,8.505500000000001819e+03,0.000000000000000000e+00,7.453380406269968717e+02,-9.492932096173440186e+02,5.124000000000000909e+03,0.000000000000000000e+00,1.127677820577598595e+03,-1.043882974073055493e+03,5.901500000000000909e+03,0.000000000000000000e+00,1.696614207004071886e+03,-1.414787965369137737e+03,8.350000000000001819e+03,0.000000000000000000e+00,1.894291230362648776e+03,-1.454243464097884726e+03,8.875500000000001819e+03,0.000000000000000000e+00,8.005522296616759377e+02,-7.470166759090128608e+02,5.111000000000000909e+03,0.000000000000000000e+00,9.308565899547011213e+02,-7.103336610406254295e+02,5.121000000000000909e+03,0.000000000000000000e+00,8.854110492127192629e+02,-4.106361778856676779e+02,5.190000000000000909e+03,0.000000000000000000e+00,9.896641128332348671e+02,-4.310208412524481787e+02,5.647000000000000909e+03,0.000000000000000000e+00,1.244178000478903186e+03,-1.910168040709214381e+02,7.333000000000003638e+03,0.000000000000000000e+00,1.210469900960450332e+03,-1.879039569297138712e+02,7.213500000000003638e+03,0.000000000000000000e+00
2.162062512533355857e+03,-2.453367638134845492e+03,1.017450000000000182e+04,0.000000000000000000e+00,2.203624131041788132e+03,-2.545807473937035866e+03,1.028000000000000182e+04,0.000000000000000000e+00,2.130223744873166652e+03,-2.555363416557481742e+03,1.020350000000000182e+04,0.000000000000000000e+00,1.043743520669743475e+03,-1.417377402550101124e+03,5.516000000000000909e+03,0.000000000000000000e+00,1.069015261750635318e+03,-1.437548563917066758e+03,5.594500000000000909e+03,0.000000000000000000e+00,8.760184675530723553e+02,-1.194277337258783746e+03,5.279000000000000909e+03,0.000000000000000000e+00,1.008919578522362144e+03,-1.184671334406303004e+03,5.280000000000000909e+03,0.000000000000000000e+00,9.582649781697334674e+02,-9.328860758650163234e+02,5.192000000000000909e+03,0.000000000000000000e+00,9.534307961634584672e+02,-9.328860758650163234e+02,5.192000000000000909e+03,0.000000000000000000e+00,1.102346089539021477e+03,-8.858587335128293034e+02,5.376000000000000909e+03,0.000000000000000000e+00,1.649410705418832094e+03,-1.286251523473363477e+03,7.762000000000001819e+03,0.000000000000000000e+00,9.315753245031648930e+02,-6.844921003420774923e+02,5.178000000000000909e+03,0.000000000000000000e+00,9.925943309866196387e+02,-6.900441799508776057e+02,5.220000000000000909e+03,0.000000000000000000e+00,1.654219419072135452e+03,-6.047801727755929733e+02,7.923500000000001819e+03,0.000000000000000000e+00,1.574193840570544353e+03,-5.985601141114849497e+02,7.747500000000001819e+03,0.000000000000000000e+00,9.229340064160916199e+02,-1.688738928613113330e+02,5.500000000000000909e+03,0.000000000000000000e+00,9.398322678444836811e+02,-1.742795672192306426e+02,5.509000000000000909e+03,0.000000000000000000e+00
1.817063004214593548e+03,-2.001422636409508868e+03,8.703500000000001819e+03,0.000000000000000000e+00,2.141025194852801178e+03,-2.382590236216368339e+03,1.007550000000000182e+04,0.000000000000000000e+00,2.010074407373827398e+03,-2.276768278923248999e+03,9.628000000000001819e+03,0.000000000000000000e+00,2.030045954744261508e+03,-2.644499070721344196e+03,1.003700000000000182e+04,0.000000000000000000e+00,2.075716046206011015e+03,-2.638881870779973269e+03,1.012300000000000182e+04,0.000000000000000000e+00,2.255585431005939427e+03,-2.197626586680537457e+03,9.960000000000001819e+03,0.000000000000000000e+00,1.002370233899996379e+03,-1.215321083645967974e+03,5.350000000000000909e+03,0.000000000000000000e+00,1.722785254436974583e+03,-1.383705115321079575e+03,7.394500000000001819e+03,0.000000000000000000e+00,9.580315675368584607e+02,-9.813416711662290481e+02,5.270500000000000909e+03,0.000000000000000000e+00,1.521503180261349371e+03,-1.152383790289090257e+03,6.691000000000001819e+03,0.000000000000000000e+00,1.521503180261349371e+03,-1.152383790289090257e+03,6.691000000000001819e+03,0.000000000000000000e+00,1.129556616460268742e+03,-7.256592768996174527e+02,5.339000000000000909e+03,0.000000000000000000e+00,1.014943487817225105e+03,-7.115239397957477649e+02,5.235000000000000909e+03,0.000000000000000000e+00,1.581203738115758824e+03,-5.557779804462018092e+02,7.281500000000001819e+03,0.000000000000000000e+00,1.305367048306719198e+03,-4.790014786312040656e+02,6.514000000000001819e+03,0.000000000000000000e+00,1.156032570920481476e+03,-1.043542046230190579e+02,5.906000000000002728e+03,0.000000000000000000e+00,1.052960744453249390e+03,-1.013151048608857678e+02,5.734000000000002728e+03,0.000000000000000000e+00
2.243595602249274634e+03,-2.394991285232131304e+03,9.707500000000001819e+03,0.000000000000000000e+00,2.284854282272420278e+03,-2.492588517113063972e+03,9.807000000000001819e+03,0.000000000000000000e+00,1.775368367043983199e+03,-2.009041086317957934e+03,7.904500000000001819e+03,0.000000000000000000e+00,2.329900226394319816e+03,-2.465079836249844902e+03,9.843000000000001819e+03,0.000000000000000000e+00,1.230213899615644095e+03,-1.469335433971138173e+03,5.739000000000000909e+03,0.000000000000000000e+00,1.696188320876376793e+03,-1.612482196796509925e+03,7.339000000000001819e+03,0.000000000000000000e+00,1.078733581128351489e+03,-1.220453117897296579e+03,5.485000000000000909e+03,0.000000000000000000e+00,1.289648566628993422e+03,-9.662328879356132347e+02,5.580000000000000909e+03,0.000000000000000000e+00,9.769360238038518673e+02,-9.756982505191468817e+02,5.320000000000000909e+03,0.000000000000000000e+00,1.448730601490505478e+03,-1.050125706932412868e+03,5.844500000000000909e+03,0.000000000000000000e+00,1.164080636850025712e+03,-9.463449348348439116e+02,5.407000000000000909e+03,0.000000000000000000e+00,1.216277159539430841e+03,-7.508394633050645552e+02,5.601000000000000909e+03,0.000000000000000000e+00,1.067307580821739521e+03,-7.206771924170732291e+02,5.376000000000000909e+03,0.000000000000000000e+00,1.196510706005477914e+03,-3.848305256841335336e+02,5.440000000000000909e+03,0.000000000000000000e+00,1.076501805043890272e+03,-4.069139366723255762e+02,5.397000000000000909e+03,0.000000000000000000e+00,1.482045054746307414e+03,-8.005988895184695764e+01,6.626000000000002728e+03,0.000000000000000000e+00,1.072264248423984100e+03,-2.229965461035933174e+02,5.991000000000000909e+03,0.000000000000000000e+00
1.886957371801616546e+03,-1.921939112557997760e+03,7.909500000000001819e+03,0.000000000000000000e+00,2.333485165404742929e+03,-2.403249438092457694e+03,9.668000000000001819e+03,0.000000000000000000e+00,1.429026628968530304e+03,-1.512595452088601860e+03,6.085000000000000909e+03,0.000000000000000000e+00,2.359931956340971283e+03,-2.421147034238781089e+03,9.740000000000001819e+03,0.000000000000000000e+00,1.337999597004034740e+03,-1.515578447618085420e+03,6.007000000000000909e+03,0.000000000000000000e+00,1.345422112959853848e+03,-1.253408230858332900e+03,5.729000000000000909e+03,0.000000000000000000e+00,1.161962141078587365e+03,-1.278305043267086376e+03,5.745000000000000909e+03,0.000000000000000000e+00,1.317077791025866873e+03,-9.856241601970274360e+02,5.293500000000000909e+03,0.000000000000000000e+00,1.088111253258882016e+03,-1.009179532218680151e+03,5.559000000000000909e+03,0.000000000000000000e+00,1.358581619660419847e+03,-9.452775362947774056e+02,5.207000000000000909e+03,0.000000000000000000e+00,1.337273329956338102e+03,-1.029216998010941097e+03,5.315000000000000909e+03,0.000000000000000000e+00,1.732109402951313541e+03,-1.059749252791894833e+03,7.744000000000001819e+03,0.000000000000000000e+00,1.596232276107141843e+03,-1.043840278439607118e+03,7.680000000000001819e+03,0.000000000000000000e+00,1.249406990299788959e+03,-4.372796882477910003e+02,5.729000000000000909e+03,0.000000000000000000e+00,1.298959144344122478e+03,-4.878708175848267388e+02,5.759500000000000909e+03,0.000000000000000000e+00,1.112241554477292311e+03,-2.297362783454074133e+02,5.878000000000000909e+03,0.000000000000000000e+00,1.106822833040042724e+03,-2.308892589869844016e+02,5.907500000000000909e+03,0.000000000000000000e+00
2.455368461470477087e+03,-2.397726761423764401e+03,9.905500000000001819e+03,0.000000000000000000e+00,2.499080027577725559e+03,-2.459630761588640780e+03,9.969500000000001819e+03,0.000000000000000000e+00,2.365861700977654891e+03,-2.435784725630525372e+03,9.690000000000001819e+03,0.000000000000000000e+00,2.526927318127545277e+03,-2.459630761588640780e+03,9.969500000000001819e+03,0.000000000000000000e+00,1.481396873546999132e+03,-1.603267907203957066e+03,6.308000000000001819e+03,0.000000000000000000e+00,1.470057100266920543e+03,-1.306080789132211521e+03,6.021000000000000909e+03,0.000000000000000000e+00,1.249303581232044735e+03,-1.308408184052435217e+03,5.905000000000000909e+03,0.000000000000000000e+00,1.445911115497128094e+03,-9.973211217190424804e+02,5.522000000000000909e+03,0.000000000000000000e+00,1.186232890761691124e+03,-1.064730699129800314e+03,5.865000000000000909e+03,0.000000000000000000e+00,1.451877198213822794e+03,-1.039806956195390512e+03,5.584500000000000909e+03,0.000000000000000000e+00,1.353088784074667274e+03,-1.053129203321937212e+03,5.831000000000000909e+03,0.000000000000000000e+00,1.845689528229162079e+03,-9.993082333982106320e+02,7.559500000000001819e+03,0.000000000000000000e+00,1.538465659481749299e+03,-9.066217218601796048e+02,6.907000000000001819e+03,0.000000000000000000e+00,1.378464979468051069e+03,-4.052703428718524492e+02,5.582000000000000909e+03,0.000000000000000000e+00,1.326502170955376414e+03,-3.964320341790228213e+02,5.604000000000000909e+03,0.000000000000000000e+00,1.283755323511905544e+03,-1.642986648016041045e+02,5.886500000000002728e+03,0.000000000000000000e+00,1.253775296749443442e+03,-1.156639032467453916e+02,5.652500000000002728e+03,0.000000000000000000e+00
1.563500812980447108e+03,-1.493658266202539835e+03,6.123500000000000909e+03,0.000000000000000000e+00,1.569631386545612031e+03,-1.522752249581325941e+03,6.103000000000000909e+03,0.000000000000000000e+00,1.601672284087253956e+03,-1.600185676492774974e+03,6.389500000000001819e+03,0.000000000000000000e+00,1.597912456052376911e+03,-1.528309428092520420e+03,6.102500000000000909e+03,0.000000000000000000e+00,1.389640136514047072e+03,-1.452629084761299737e+03,5.757500000000000909e+03,0.000000000000000000e+00,1.489607127118271137e+03,-1.243705141747846710e+03,5.589500000000000909e+03,0.000000000000000000e+00,1.253037038991398504e+03,-1.246407172490822632e+03,5.697000000000000909e+03,0.000000000000000000e+00,1.449072146518844193e+03,-9.818756113938643466e+02,5.381000000000000909e+03,0.000000000000000000e+00,1.200680176014905328e+03,-1.012447247919334359e+03,5.577000000000000909e+03,0.000000000000000000e+00,1.423461008608739576e+03,-1.048968669468535836e+03,5.417000000000000909e+03,0.000000000000000000e+00,1.313558036429572212e+03,-1.014937550914006238e+03,5.506000000000000909e+03,0.000000000000000000e+00,1.407087221987718067e+03,-7.741640063651847186e+02,5.471000000000000909e+03,0.000000000000000000e+00,1.269399603433255379e+03,-7.731924063961221236e+02,5.537000000000000909e+03,0.000000000000000000e+00,1.408115982522894683e+03,-5.096507400454714229e+02,5.475000000000000909e+03,0.000000000000000000e+00,1.293305326824567373e+03,-4.940856046083431465e+02,5.529000000000000909e+03,0.000000000000000000e+00,1.386769201417981321e+03,-3.011085850948410894e+02,5.392000000000000909e+03,0.000000000000000000e+00,1.265072088984152742e+03,-1.624535704842716370e+02,5.632500000000002728e+03,0.000000000000000000e+00
1.798975819198709814e+03,-1.706505722309783550e+03,6.969500000000001819e+03,0.000000000000000000e+00,1.799533527934446511e+03,-1.733945876686414522e+03,6.872500000000001819e+03,0.000000000000000000e+00,1.787945815401518757e+03,-1.799482685954980298e+03,7.080000000000001819e+03,0.000000000000000000e+00,1.826694582172919127e+03,-1.716989429145438862e+03,6.830500000000001819e+03,0.000000000000000000e+00,1.677955060884306704e+03,-1.753142476746962984e+03,6.872500000000001819e+03,0.000000000000000000e+00,1.785740627765391991e+03,-1.420068204401011826e+03,6.518500000000001819e+03,0.000000000000000000e+00,1.553573659920707314e+03,-1.500441923007392006e+03,6.917000000000001819e+03,0.000000000000000000e+00,1.408786767286376744e+03,-8.651059301482739556e+02,5.023000000000000909e+03,0.000000000000000000e+00,1.482771493480869367e+03,-1.198742720426311053e+03,6.741500000000001819e+03,0.000000000000000000e+00,1.688565931021127426e+03,-1.199151764267240196e+03,6.314000000000001819e+03,0.000000000000000000e+00,1.605520907660592457e+03,-1.192197885633357373e+03,6.601000000000001819e+03,0.000000000000000000e+00,1.528702287670745591e+03,-7.444425433095715334e+02,5.880000000000000909e+03,0.000000000000000000e+00,1.415407945851954537e+03,-7.660921478854111228e+02,6.051000000000000909e+03,0.000000000000000000e+00,1.413139674257540491e+03,-3.187204828583509766e+02,5.435500000000000909e+03,0.000000000000000000e+00,1.368553755239835255e+03,-3.752242387303468831e+02,5.759000000000000909e+03,0.000000000000000000e+00,1.242352133939607711e+03,-1.615450418610573138e+02,5.601000000000002728e+03,0.000000000000000000e+00,1.245116988056026912e+03,-1.560230249283898729e+02,5.590000000000002728e+03,0.000000000000000000e+00
2.613073542773769077e+03,-2.544241305748120794e+03,1.019700000000000182e+04,0.000000000000000000e+00,1.589140630197767223e+03,-1.548173399982148794e+03,6.069000000000000909e+03,0.000000000000000000e+00,2.750608166857816741e+03,-2.778498051179035429e+03,1.089200000000000182e+04,0.000000000000000000e+00,1.497461087057001578e+03,-1.408763816345595160e+03,5.522500000000000909e+03,0.000000000000000000e+00,2.727419646315816863e+03,-2.817400085039189889e+03,1.104450000000000182e+04,0.000000000000000000e+00,1.376715398370183721e+03,-1.095848970946979989e+03,4.925000000000000909e+03,0.000000000000000000e+00,2.604388046457719611e+03,-2.498130802515109281e+03,1.113400000000000182e+04,0.000000000000000000e+00,1.394885246267455159e+03,-9.105295114022269445e+02,4.990000000000000909e+03,0.000000000000000000e+00,2.407650349794939302e+03,-2.361812514676071260e+03,1.158400000000000182e+04,0.000000000000000000e+00,1.307832392972560001e+03,-1.051347126878117479e+03,5.482000000000000909e+03,0.000000000000000000e+00,2.466581745445887918e+03,-2.126596626934366213e+03,1.098200000000000182e+04,0.000000000000000000e+00,1.385030560145457684e+03,-7.232009161505358179e+02,5.179000000000000909e+03,0.000000000000000000e+00,1.280557064876305731e+03,-7.797564804678384007e+02,5.474500000000000909e+03,0.000000000000000000e+00,1.389630441004685281e+03,-4.809039516519437143e+02,5.326000000000000909e+03,0.000000000000000000e+00,1.973654509206713783e+03,-7.735400999971438978e+02,8.935500000000001819e+03,0.000000000000000000e+00,1.338358508149122599e+03,-2.412723197029594360e+02,5.185000000000000909e+03,0.000000000000000000e+00,1.379713825948154863e+03,-2.325067476608405457e+02,6.246500000000001819e+03,0.000000000000000000e+00
2.508395657869134084e+03,-2.751332630401381266e+03,1.098600000000000182e+04,0.000000000000000000e+00,2.551991520285047955e+03,-2.803405993803771253e+03,1.091000000000000182e+04,0.000000000000000000e+00,2.515873441949890548e+03,-2.789198163230219507e+03,1.097400000000000182e+04,0.000000000000000000e+00,2.612467818388490286e+03,-2.749979420854503587e+03,1.074100000000000182e+04,0.000000000000000000e+00,2.508395657869134084e+03,-2.751332630401381266e+03,1.098600000000000182e+04,0.000000000000000000e+00,1.360672202787581000e+03,-1.134486558553801615e+03,5.252500000000000909e+03,0.000000000000000000e+00,2.458608366101203501e+03,-2.405101017472816238e+03,1.094650000000000182e+04,0.000000000000000000e+00,1.812213204798539437e+03,-1.492158076357853361e+03,8.136000000000001819e+03,0.000000000000000000e+00,2.334598260660245160e+03,-1.925198206621538247e+03,1.065950000000000182e+04,0.000000000000000000e+00,1.282546080003676025e+03,-9.634103214242629747e+02,5.253000000000000909e+03,0.000000000000000000e+00,1.259487430796541048e+03,-1.009596671703691641e+03,5.449500000000000909e+03,0.000000000000000000e+00,1.308145826285384146e+03,-7.021776662724385005e+02,5.238000000000000909e+03,0.000000000000000000e+00,1.256699471665850524e+03,-7.615888686092363287e+02,5.642000000000000909e+03,0.000000000000000000e+00,1.350877387154953340e+03,-3.507312409339641022e+02,5.233500000000000909e+03,0.000000000000000000e+00,1.825677927802872546e+03,-6.237692853428019362e+02,8.591500000000001819e+03,0.000000000000000000e+00,1.269156982857471803e+03,-1.216798585858950048e+02,5.946500000000002728e+03,0.000000000000000000e+00,1.266062258859921485e+03,-1.379527031868538245e+02,5.932000000000002728e+03,0.000000000000000000e+00
2.378704385011389604e+03,-2.824269209694830806e+03,1.119400000000000182e+04,0.000000000000000000e+00,2.405666180166855611e+03,-2.881646685230575713e+03,1.117400000000000182e+04,0.000000000000000000e+00,2.388373051218109140e+03,-2.919468196148666266e+03,1.123950000000000182e+04,0.000000000000000000e+00,2.408512880982544175e+03,-2.739621870061758273e+03,1.085850000000000182e+04,0.000000000000000000e+00,1.395132241530246802e+03,-1.447204590567228024e+03,5.736000000000000909e+03,0.000000000000000000e+00,1.561097834795269137e+03,-1.494765791143112665e+03,6.950500000000001819e+03,0.000000000000000000e+00,1.392223909648103472e+03,-1.201018027285844482e+03,5.513000000000000909e+03,0.000000000000000000e+00,1.308398889562503655e+03,-1.083561765619955850e+03,5.999500000000000909e+03,0.000000000000000000e+00,1.308398889562503655e+03,-1.083561765619955850e+03,5.999500000000000909e+03,0.000000000000000000e+00,2.220579481304158435e+03,-1.895138130856743373e+03,1.118500000000000182e+04,0.000000000000000000e+00,2.206958351289257735e+03,-1.874721130877464248e+03,1.106450000000000182e+04,0.000000000000000000e+00,1.316730603048308012e+03,-7.968116708791922065e+02,5.862500000000000909e+03,0.000000000000000000e+00,1.367618867319708897e+03,-8.790291814363180265e+02,6.380000000000001819e+03,0.000000000000000000e+00,1.330716185753654372e+03,-4.717796741245585963e+02,6.181000000000001819e+03,0.000000000000000000e+00,1.317258462123510981e+03,-5.109610806240011698e+02,6.309500000000001819e+03,0.000000000000000000e+00,1.292914294394799981e+03,-1.065716872982965668e+02,6.031500000000002728e+03,0.000000000000000000e+00,1.285826356414500651e+03,-1.350861471465087220e+02,6.051000000000002728e+03,0.000000000000000000e+00
1.895899195895953881e+03,-2.911796549208400393e+03,1.189200000000000182e+04,0.000000000000000000e+00,1.929278726301553434e+03,-2.923114770590705575e+03,1.189300000000000182e+04,0.000000000000000000e+00,2.189666428787213590e+03,-2.833443463457753751e+03,1.157200000000000182e+04,0.000000000000000000e+00,2.025527049576611716e+03,-2.873980095743208494e+03,1.187300000000000182e+04,0.000000000000000000e+00,2.195687114923850004e+03,-2.795068488633608013e+03,1.154700000000000182e+04,0.000000000000000000e+00,1.916463371102880046e+03,-2.540703986269294546e+03,1.181400000000000182e+04,0.000000000000000000e+00,2.226596579534117154e+03,-2.424246301331893847e+03,1.132150000000000182e+04,0.000000000000000000e+00,1.774340523462573174e+03,-2.075995143659004952e+03,1.167500000000000182e+04,0.000000000000000000e+00,1.622499616315479216e+03,-1.351743914471714334e+03,8.022000000000001819e+03,0.000000000000000000e+00,1.692720292501241829e+03,-2.004228092601127628e+03,1.163700000000000182e+04,0.000000000000000000e+00,1.773580634587428449e+03,-2.064240329989419479e+03,1.167000000000000182e+04,0.000000000000000000e+00,1.917120273276020043e+03,-1.568262934332170971e+03,1.161800000000000182e+04,0.000000000000000000e+00,2.195395914417099902e+03,-1.511421481124206821e+03,1.143350000000000182e+04,0.000000000000000000e+00,1.697123174216186499e+03,-9.848125093802818810e+02,1.137600000000000182e+04,0.000000000000000000e+00,1.811463499421536653e+03,-7.063719453463399987e+02,9.254500000000001819e+03,0.000000000000000000e+00,1.229366544462847742e+03,-3.249846175981427905e+02,8.731000000000001819e+03,0.000000000000000000e+00,1.278981747963291127e+03,-1.864367777188876971e+02,6.072000000000002728e+03,0.000000000000000000e+00
1.767301987178790569e+03,-2.948526166309193741e+03,1.222800000000000182e+04,0.000000000000000000e+00,1.800131928133511110e+03,-2.957732905742968796e+03,1.221900000000000182e+04,0.000000000000000000e+00,1.819156116947275677e+03,-2.974388649967138008e+03,1.219400000000000182e+04,0.000000000000000000e+00,1.856864455303273417e+03,-2.911986965973912447e+03,1.221800000000000182e+04,0.000000000000000000e+00,2.015357020936121671e+03,-2.787693082163934378e+03,1.156100000000000182e+04,0.000000000000000000e+00,1.822425021108320152e+03,-2.630902087733324606e+03,1.244900000000000364e+04,0.000000000000000000e+00,1.957513580196347220e+03,-2.319685356691653396e+03,1.088050000000000182e+04,0.000000000000000000e+00,1.700437533612949892e+03,-2.341497426382869889e+03,1.257550000000000364e+04,0.000000000000000000e+00,1.600203359518802017e+03,-1.550254590415682969e+03,8.583500000000001819e+03,0.000000000000000000e+00,1.563204476259653347e+03,-2.189177444962868776e+03,1.250800000000000364e+04,0.000000000000000000e+00,1.334686669806322698e+03,-1.083878518472625046e+03,7.231500000000001819e+03,0.000000000000000000e+00,1.820424185423084964e+03,-1.760777410505268335e+03,1.220250000000000182e+04,0.000000000000000000e+00,1.281200548409308112e+03,-1.048072504409331714e+03,7.310500000000001819e+03,0.000000000000000000e+00,1.654426104164336493e+03,-1.376352962433882112e+03,1.182800000000000182e+04,0.000000000000000000e+00,1.039974134104188124e+03,-4.993471301804473796e+02,6.096000000000000909e+03,0.000000000000000000e+00,1.392491135241056327e+03,-8.687159054956922546e+02,1.036950000000000182e+04,0.000000000000000000e+00,1.031659643135898023e+03,-5.122068611023346421e+02,6.114000000000000909e+03,0.000000000000000000e+00
1.647679640318465317e+03,-2.918143904536625996e+03,1.210200000000000182e+04,0.000000000000000000e+00,1.663176980747820153e+03,-2.973169196840835411e+03,1.205100000000000182e+04,0.000000000000000000e+00,1.610141776100650304e+03,-2.978843654688927018e+03,1.207400000000000182e+04,0.000000000000000000e+00,1.475239048341575653e+03,-2.978843654688927018e+03,1.207400000000000182e+04,0.000000000000000000e+00,1.716575764527554611e+03,-2.911490307187677445e+03,1.180100000000000182e+04,0.000000000000000000e+00,1.392876371006841964e+03,-2.644723172728125519e+03,1.214000000000000182e+04,0.000000000000000000e+00,1.028205636958118930e+03,-1.499074609518501347e+03,6.765500000000001819e+03,0.000000000000000000e+00,1.209630776313550086e+03,-2.093670463693217243e+03,1.147400000000000182e+04,0.000000000000000000e+00,9.696745805160941245e+02,-1.116356623398562078e+03,6.118000000000000909e+03,0.000000000000000000e+00,1.214849246195676642e+03,-2.167078767791654172e+03,1.152350000000000182e+04,0.000000000000000000e+00,1.023222779845614241e+03,-1.106503197824269364e+03,6.064000000000000909e+03,0.000000000000000000e+00,1.373243387384037987e+03,-1.576818726279880821e+03,1.107050000000000182e+04,0.000000000000000000e+00,9.475907431628354516e+02,-9.219771117121778161e+02,6.473000000000001819e+03,0.000000000000000000e+00,1.209278629527206931e+03,-8.874904393778132317e+02,9.534000000000001819e+03,0.000000000000000000e+00,8.788264467758307319e+02,-5.848649497179354739e+02,6.283000000000001819e+03,0.000000000000000000e+00,8.767296730404439131e+02,-3.187196515775331704e+02,6.715000000000001819e+03,0.000000000000000000e+00,9.279058221146943879e+02,-2.844817317372478556e+02,6.504000000000001819e+03,0.000000000000000000e+00
1.151819118663247991e+03,-2.394874090055115630e+03,1.028950000000000182e+04,0.000000000000000000e+00,1.190542146931836669e+03,-2.482752946812845039e+03,1.037650000000000182e+04,0.000000000000000000e+00,1.212443771557470654e+03,-2.727642614915090235e+03,1.140000000000000182e+04,0.000000000000000000e+00,8.581744308179714835e+02,-1.679694708871658804e+03,7.188000000000001819e+03,0.000000000000000000e+00,1.151176143882843689e+03,-2.722748330273856936e+03,1.142400000000000182e+04,0.000000000000000000e+00,8.667044440316402643e+02,-1.418044251543699829e+03,6.987000000000001819e+03,0.000000000000000000e+00,1.013351501238434253e+03,-2.344832319209671368e+03,1.119400000000000182e+04,0.000000000000000000e+00,9.050589071023774750e+02,-1.189825613245021714e+03,6.834500000000001819e+03,0.000000000000000000e+00,8.686438546902844564e+02,-2.010825164349741726e+03,1.107650000000000182e+04,0.000000000000000000e+00,9.210759146167514473e+02,-1.226022330504066304e+03,6.859000000000001819e+03,0.000000000000000000e+00,8.592218640418167297e+02,-2.033560564239906853e+03,1.108800000000000182e+04,0.000000000000000000e+00,7.867342072482632602e+02,-9.511341366443214156e+02,6.857000000000001819e+03,0.000000000000000000e+00,9.845641350249428569e+02,-1.528862344779993919e+03,1.087600000000000182e+04,0.000000000000000000e+00,1.022054346253212202e+03,-8.879527741423676162e+02,9.444500000000001819e+03,0.000000000000000000e+00,9.079055753906907285e+02,-9.922156455730292919e+02,1.034850000000000182e+04,0.000000000000000000e+00,8.458665272574306755e+02,-4.405904236977686992e+02,8.023500000000001819e+03,0.000000000000000000e+00,7.454678140884861932e+02,-4.903257234527597461e+02,8.497000000000001819e+03,0.000000000000000000e+00
2.203786431993028430e+02,-2.574507173398680607e+03,1.115050000000000182e+04,0.000000000000000000e+00,2.417158149615007687e+02,-2.611845820959728826e+03,1.117700000000000182e+04,0.000000000000000000e+00,1.784254356160478778e+02,-2.568388663906275269e+03,1.112400000000000182e+04,0.000000000000000000e+00,3.051629601486796446e+02,-2.610050832973231536e+03,1.121400000000000182e+04,0.000000000000000000e+00,1.470884110217295984e+02,-2.553432177249519100e+03,1.110400000000000182e+04,0.000000000000000000e+00,4.028428218188896039e+02,-2.273007261998215199e+03,1.075550000000000182e+04,0.000000000000000000e+00,1.333136842010126770e+02,-2.287695003591713885e+03,1.082500000000000182e+04,0.000000000000000000e+00,2.231437052451699188e+01,-1.983791849425452028e+03,1.076200000000000182e+04,0.000000000000000000e+00,2.273532611577055107e+00,-1.973588134179801273e+03,1.076100000000000182e+04,0.000000000000000000e+00,3.247950674218862446e+02,-2.537635855216656637e+03,1.117100000000000182e+04,0.000000000000000000e+00,5.238504385974417232e+01,-2.014227041898181824e+03,1.076400000000000182e+04,0.000000000000000000e+00,3.313325434660662268e+02,-1.587374385884186950e+03,1.039700000000000182e+04,0.000000000000000000e+00,1.590708988063746290e+02,-1.607451305355550858e+03,1.052850000000000182e+04,0.000000000000000000e+00,3.511319729825277705e+02,-1.075652851609916297e+03,1.041000000000000182e+04,0.000000000000000000e+00,1.006771995278076162e+02,-1.190938833349813649e+03,1.057300000000000182e+04,0.000000000000000000e+00,3.904040142165878819e+02,-7.042497896554947374e+02,9.700000000000001819e+03,0.000000000000000000e+00,3.080387902845482628e+01,-8.780059591397731538e+02,1.025250000000000182e+04,0.000000000000000000e+00
-6.685063658859299949e+02,-2.298060102983998604e+03,1.059400000000000182e+04,0.000000000000000000e+00,-6.584545332484030951e+02,-2.392399621446078072e+03,1.075200000000000182e+04,0.000000000000000000e+00,-7.127927600311465994e+02,-2.406862602788525692e+03,1.081700000000000182e+04,0.000000000000000000e+00,-5.752735004403673429e+02,-2.379605445643143867e+03,1.069450000000000182e+04,0.000000000000000000e+00,-7.671717824941050594e+02,-2.419545524888825639e+03,1.087400000000000182e+04,0.000000000000000000e+00,-4.546144556902609111e+02,-2.167241626513854044e+03,1.043900000000000182e+04,0.000000000000000000e+00,-7.638220008629356244e+02,-2.188570254817588648e+03,1.068550000000000182e+04,0.000000000000000000e+00,-3.889474911240454276e+02,-1.965387088541118828e+03,1.050300000000000182e+04,0.000000000000000000e+00,-7.691366425178033523e+02,-1.967782557757733230e+03,1.062150000000000182e+04,0.000000000000000000e+00,-3.888178789923750287e+02,-1.945180338481129183e+03,1.049950000000000182e+04,0.000000000000000000e+00,-8.163876683611813405e+02,-1.863872927902206811e+03,1.059300000000000182e+04,0.000000000000000000e+00,-5.264816112433205717e+02,-1.674002124661981043e+03,1.051550000000000182e+04,0.000000000000000000e+00,-7.120664124002314566e+02,-1.692536863864920178e+03,1.050900000000000182e+04,0.000000000000000000e+00,-4.856732338923686143e+02,-1.297556323097052200e+03,1.048000000000000182e+04,0.000000000000000000e+00,-8.355146473203867572e+02,-1.441442522913286211e+03,1.046200000000000182e+04,0.000000000000000000e+00,-4.339663724548424852e+02,-1.027189990780449307e+03,1.041000000000000182e+04,0.000000000000000000e+00,-8.387922013766579994e+02,-1.188757667255506703e+03,1.038200000000000182e+04,0.000000000000000000e+00
-7.680183947241886244e+02,-2.381672543397419759e+03,1.088600000000000182e+04,0.000000000000000000e+00,-7.476094818398125881e+02,-2.401502788095479900e+03,1.088400000000000182e+04,0.000000000000000000e+00,-7.901002595218898250e+02,-2.407460209565396781e+03,1.091100000000000182e+04,0.000000000000000000e+00,-6.788505080865777472e+02,-2.339170507900976645e+03,1.060150000000000182e+04,0.000000000000000000e+00,-8.510545274769694970e+02,-2.407460209565396781e+03,1.091100000000000182e+04,0.000000000000000000e+00,-6.117282675426245078e+02,-2.036614745260643076e+03,9.989000000000001819e+03,0.000000000000000000e+00,-9.563623824556424324e+02,-2.209713746034122778e+03,1.083800000000000182e+04,0.000000000000000000e+00,-5.166971594123652949e+02,-1.769263527144078125e+03,9.950000000000001819e+03,0.000000000000000000e+00,-1.041191540009008349e+03,-1.946239117646578961e+03,1.077600000000000182e+04,0.000000000000000000e+00,-3.775242512259620185e+02,-1.823840460956326979e+03,9.944500000000001819e+03,0.000000000000000000e+00,-9.795804090997539788e+02,-1.843250516186219556e+03,1.076050000000000182e+04,0.000000000000000000e+00,-7.036991665316274975e+02,-1.620486039062464897e+03,1.067900000000000182e+04,0.000000000000000000e+00,-9.179715629065758549e+02,-1.630197726158634850e+03,1.074300000000000182e+04,0.000000000000000000e+00,-6.372449677606497289e+02,-1.278795200740815744e+03,1.073200000000000182e+04,0.000000000000000000e+00,-9.855988080979898314e+02,-1.267029427966720505e+03,1.071700000000000182e+04,0.000000000000000000e+00,-4.690489834778437057e+02,-1.001237825054990481e+03,1.054500000000000182e+04,0.000000000000000000e+00,-4.496468487244063681e+02,-1.001760044878395206e+03,1.055050000000000182e+04,0.000000000000000000e+00
-8.179595131561658263e+02,-2.296195429523351777e+03,1.036300000000000182e+04,0.000000000000000000e+00,-8.138876791273428353e+02,-2.350899671358372871e+03,1.043450000000000182e+04,0.000000000000000000e+00,-8.710515678853803365e+02,-2.347858112533001076e+03,1.042100000000000182e+04,0.000000000000000000e+00,-8.426702620264442203e+02,-2.349885818416582424e+03,1.043000000000000182e+04,0.000000000000000000e+00,-9.641780343658265338e+02,-2.328731776477845415e+03,1.037900000000000182e+04,0.000000000000000000e+00,-7.188954997593508551e+02,-2.069206776042638921e+03,1.005700000000000182e+04,0.000000000000000000e+00,-9.991318956837022824e+02,-2.107270140223596172e+03,1.024200000000000182e+04,0.000000000000000000e+00,-6.302978889608846202e+02,-1.822610024978186175e+03,9.988500000000001819e+03,0.000000000000000000e+00,-1.015598520436977878e+03,-1.865634390265285901e+03,1.012100000000000182e+04,0.000000000000000000e+00,-6.450327414008669393e+02,-1.599124419194480197e+03,9.929000000000001819e+03,0.000000000000000000e+00,-1.087429221325772687e+03,-1.746838238977504034e+03,1.008800000000000182e+04,0.000000000000000000e+00,-7.466494695868699409e+02,-1.580475782762983727e+03,9.928000000000001819e+03,0.000000000000000000e+00,-9.154463634503160847e+02,-1.600852585763956768e+03,1.005600000000000182e+04,0.000000000000000000e+00,-7.402281426580453854e+02,-1.187520776237697646e+03,9.966000000000001819e+03,0.000000000000000000e+00,-8.849749339036388847e+02,-1.213703339825073726e+03,1.002900000000000182e+04,0.000000000000000000e+00,-7.054568645843723971e+02,-8.727302667872268103e+02,9.869000000000001819e+03,0.000000000000000000e+00,-8.937391797004256659e+02,-8.771518407399435091e+02,9.919000000000001819e+03,0.000000000000000000e+00
-8.201695745639021879e+02,-2.283049803367290224e+03,1.039100000000000182e+04,0.000000000000000000e+00,-8.169686665561157497e+02,-2.340294724247889462e+03,1.047400000000000182e+04,0.000000000000000000e+00,-8.586211356455476107e+02,-2.321079014272204859e+03,1.038800000000000182e+04,0.000000000000000000e+00,-7.918861392037617861e+02,-2.352695560336848303e+03,1.052950000000000182e+04,0.000000000000000000e+00,-9.363843769341638108e+02,-2.298288288487090995e+03,1.028600000000000182e+04,0.000000000000000000e+00,-7.548592025141214208e+02,-2.107974831555156015e+03,1.029200000000000182e+04,0.000000000000000000e+00,-1.035671992919289323e+03,-2.103712941992996548e+03,1.013300000000000182e+04,0.000000000000000000e+00,-6.572392222799257979e+02,-1.853767474343400636e+03,1.026400000000000182e+04,0.000000000000000000e+00,-1.079371555742821101e+03,-1.792992654086526727e+03,9.927500000000001819e+03,0.000000000000000000e+00,-6.700265123413792026e+02,-1.618682288389808264e+03,1.016800000000000182e+04,0.000000000000000000e+00,-1.040770740128648413e+03,-1.568699789466792708e+03,9.912000000000001819e+03,0.000000000000000000e+00,-7.957799683142394542e+02,-1.604991623873529534e+03,1.008200000000000182e+04,0.000000000000000000e+00,-9.433275624151496004e+02,-1.584774014646001433e+03,9.955000000000001819e+03,0.000000000000000000e+00,-8.036497702145911717e+02,-1.283404403659041463e+03,1.006300000000000182e+04,0.000000000000000000e+00,-8.918159285981749917e+02,-1.266185352999835231e+03,1.000100000000000182e+04,0.000000000000000000e+00,-8.269642339366291708e+02,-9.406498496791141406e+02,1.000500000000000182e+04,0.000000000000000000e+00,-8.530308212320903749e+02,-9.292864544062003915e+02,9.983000000000001819e+03,0.000000000000000000e+00
-7.818966142646240769e+02,-2.293327910980970955e+03,1.052700000000000182e+04,0.000000000000000000e+00,-7.665740617897264428e+02,-2.396154346270227506e+03,1.072400000000000182e+04,0.000000000000000000e+00,-8.166959427568618821e+02,-2.367777658282879656e+03,1.059700000000000182e+04,0.000000000000000000e+00,-7.610338438259988152e+02,-2.440361742188010339e+03,1.078700000000000182e+04,0.000000000000000000e+00,-8.587480551370158537e+02,-2.424410086420126390e+03,1.062900000000000182e+04,0.000000000000000000e+00,-6.911131059634524263e+02,-2.187179717066323065e+03,1.048800000000000182e+04,0.000000000000000000e+00,-9.859923910107520442e+02,-2.177589775243327949e+03,1.030400000000000182e+04,0.000000000000000000e+00,-6.452134793433694995e+02,-1.855031308641376881e+03,1.037800000000000182e+04,0.000000000000000000e+00,-1.033372316629870284e+03,-1.863698893664378375e+03,1.011050000000000182e+04,0.000000000000000000e+00,-6.435348549511676310e+02,-1.724915855165930452e+03,1.035100000000000182e+04,0.000000000000000000e+00,-1.020211363935064583e+03,-1.650534790782496884e+03,1.007350000000000182e+04,0.000000000000000000e+00,-7.446971926425730999e+02,-1.617998254648528246e+03,1.028400000000000182e+04,0.000000000000000000e+00,-9.345577202474361229e+02,-1.617727125749137713e+03,1.016200000000000182e+04,0.000000000000000000e+00,-7.706403218026446211e+02,-1.268707981180868273e+03,1.024700000000000182e+04,0.000000000000000000e+00,-9.027841676960227915e+02,-1.272331593110367521e+03,1.012400000000000182e+04,0.000000000000000000e+00,-8.074445444575535475e+02,-9.210051685185630959e+02,9.994000000000001819e+03,0.000000000000000000e+00,-8.594752999381745440e+02,-9.169503128636883957e+02,9.950000000000001819e+03,0.000000000000000000e+00
-7.749518689968609806e+02,-2.282673202419344307e+03,1.043350000000000182e+04,0.000000000000000000e+00,-7.667832140112997195e+02,-2.356130914387325447e+03,1.058900000000000182e+04,0.000000000000000000e+00,-8.135361302011356202e+02,-2.368445190528965668e+03,1.055600000000000182e+04,0.000000000000000000e+00,-7.616417967521014134e+02,-2.390657778049083845e+03,1.065500000000000182e+04,0.000000000000000000e+00,-8.780728068933806298e+02,-2.376564392480304832e+03,1.050500000000000182e+04,0.000000000000000000e+00,-6.787247322104843761e+02,-2.128793672319703546e+03,1.030000000000000182e+04,0.000000000000000000e+00,-9.898856094462036026e+02,-2.126965270967951255e+03,1.024500000000000182e+04,0.000000000000000000e+00,-6.371312137512863956e+02,-1.869961208987981308e+03,1.024800000000000182e+04,0.000000000000000000e+00,-1.026439884199322933e+03,-1.858778528009691627e+03,1.013500000000000182e+04,0.000000000000000000e+00,-6.363851584658633556e+02,-1.658099156249229509e+03,1.023600000000000182e+04,0.000000000000000000e+00,-1.010781928303693121e+03,-1.650452866188722055e+03,1.007300000000000182e+04,0.000000000000000000e+00,-7.286885477326063665e+02,-1.613329868222809182e+03,1.019400000000000182e+04,0.000000000000000000e+00,-9.113995163494108738e+02,-1.610245018397217791e+03,1.011500000000000182e+04,0.000000000000000000e+00,-7.384696587484403381e+02,-1.291126710318200139e+03,1.019800000000000182e+04,0.000000000000000000e+00,-8.802645613198915271e+02,-1.276440428851548859e+03,1.008200000000000182e+04,0.000000000000000000e+00,-8.026777615755247552e+02,-9.433188991864709578e+02,9.935000000000001819e+03,0.000000000000000000e+00,-8.453404702443223186e+02,-9.301198363693629290e+02,9.893000000000001819e+03,0.000000000000000000e+00
-8.758995662480472220e+02,-2.380439184210486928e+03,1.047900000000000182e+04,0.000000000000000000e+00,-8.481328192068923499e+02,-2.452021539975246924e+03,1.062000000000000182e+04,0.000000000000000000e+00,-9.005401006676349880e+02,-2.452945044471633082e+03,1.053900000000000182e+04,0.000000000000000000e+00,-7.873507130770580034e+02,-2.468578388218083091e+03,1.073500000000000182e+04,0.000000000000000000e+00,-9.005401006676349880e+02,-2.452945044471633082e+03,1.053900000000000182e+04,0.000000000000000000e+00,-6.584558576290410201e+02,-2.154003103308295067e+03,1.028300000000000182e+04,0.000000000000000000e+00,-9.655012087843253994e+02,-2.134312712205408843e+03,1.018900000000000182e+04,0.000000000000000000e+00,-6.170827945231877720e+02,-1.886095354332022907e+03,1.023200000000000182e+04,0.000000000000000000e+00,-1.028006405287892221e+03,-1.863386241672765664e+03,1.005800000000000182e+04,0.000000000000000000e+00,-6.290898616810101203e+02,-1.673576230826883375e+03,1.027250000000000182e+04,0.000000000000000000e+00,-1.015805825211564752e+03,-1.643407351124082425e+03,1.003000000000000182e+04,0.000000000000000000e+00,-7.377093203078776469e+02,-1.612301160733752113e+03,1.018750000000000182e+04,0.000000000000000000e+00,-9.168118860688279028e+02,-1.612617427455231336e+03,1.007100000000000182e+04,0.000000000000000000e+00,-7.709035443191186232e+02,-1.297773518740607187e+03,1.025050000000000182e+04,0.000000000000000000e+00,-8.749372173943487496e+02,-1.263529029176613449e+03,1.012900000000000182e+04,0.000000000000000000e+00,-8.025317043512299051e+02,-9.634995431573056521e+02,1.004900000000000182e+04,0.000000000000000000e+00,-8.575317628277616677e+02,-9.241201318358764638e+02,9.927500000000001819e+03,0.000000000000000000e+00
-7.947555977743259064e+02,-1.386545757310944055e+03,5.244000000000000909e+03,0.000000000000000000e+00,-7.626119262479269310e+02,-1.433728283675613511e+03,5.292000000000000909e+03,0.000000000000000000e+00,-1.005215460030010263e+03,-1.755377122347669456e+03,6.435000000000001819e+03,0.000000000000000000e+00,-7.037264702909883454e+02,-1.404667144198583628e+03,5.257000000000000909e+03,0.000000000000000000e+00,-1.016673453721014880e+03,-1.682815642425823398e+03,6.320000000000001819e+03,0.000000000000000000e+00,-7.080994220037050582e+02,-1.345993055890798132e+03,5.999000000000000909e+03,0.000000000000000000e+00,-9.121579777920196648e+02,-1.197943127963928191e+03,5.273500000000000909e+03,0.000000000000000000e+00,-6.900694316441046112e+02,-1.118180801764198350e+03,6.457500000000001819e+03,0.000000000000000000e+00,-9.340540387943135556e+02,-9.301968520109583096e+02,5.204000000000000909e+03,0.000000000000000000e+00,-6.305530433170980587e+02,-7.558500296751761880e+02,5.799500000000000909e+03,0.000000000000000000e+00,-9.155708643868167655e+02,-7.005826452105415001e+02,5.154500000000000909e+03,0.000000000000000000e+00,-6.615032451023459998e+02,-6.577357431000792758e+02,5.083000000000000909e+03,0.000000000000000000e+00,-8.317983986882652516e+02,-6.624032719758743042e+02,5.082500000000000909e+03,0.000000000000000000e+00,-7.128076035820440666e+02,-3.301323389100306827e+02,5.216000000000000909e+03,0.000000000000000000e+00,-7.999182726931568368e+02,-3.639884152225980642e+02,5.214000000000000909e+03,0.000000000000000000e+00,-7.462141034374664059e+02,1.122063484265036770e-01,5.246000000000000909e+03,0.000000000000000000e+00,-7.752933037063202164e+02,-1.251155669496421154e+02,5.380000000000000909e+03,0.000000000000000000e+00
-8.280023837166364729e+02,-1.458365046585370010e+03,5.364500000000000909e+03,0.000000000000000000e+00,-9.137427515548070005e+02,-1.726374669850826649e+03,6.181000000000001819e+03,0.000000000000000000e+00,-1.033819645970286047e+03,-1.805417548279524908e+03,6.464000000000001819e+03,0.000000000000000000e+00,-7.335796042999256770e+02,-1.484306801280884429e+03,5.368000000000000909e+03,0.000000000000000000e+00,-1.047617794718100868e+03,-1.748134795226213782e+03,6.365000000000001819e+03,0.000000000000000000e+00,-6.605802826389153779e+02,-1.266942955741735432e+03,5.509500000000000909e+03,0.000000000000000000e+00,-1.079080107846159308e+03,-1.416081899345889951e+03,6.012000000000000909e+03,0.000000000000000000e+00,-8.755330255259536898e+02,-1.439888527222899711e+03,7.851000000000001819e+03,0.000000000000000000e+00,-1.063578242325311749e+03,-1.048692217381294313e+03,5.718000000000000909e+03,0.000000000000000000e+00,-8.699541564938201645e+02,-1.111944358743230396e+03,8.070500000000001819e+03,0.000000000000000000e+00,-1.088049752095925214e+03,-8.088842912735149184e+02,5.679000000000000909e+03,0.000000000000000000e+00,-6.695863829026283156e+02,-6.846124326172272276e+02,5.037000000000000909e+03,0.000000000000000000e+00,-8.780872941277945074e+02,-7.032233451490549214e+02,5.104000000000000909e+03,0.000000000000000000e+00,-6.843346094929131596e+02,-3.613701648955255337e+02,5.042000000000000909e+03,0.000000000000000000e+00,-9.843335622866416088e+02,-4.276746391954386013e+02,5.816000000000000909e+03,0.000000000000000000e+00,-7.293295036348911253e+02,-4.371420425574947188e+01,5.230000000000000909e+03,0.000000000000000000e+00,-8.932151910491082845e+02,-8.676472741013054701e+01,5.489000000000000909e+03,0.000000000000000000e+00
-7.912659621928017941e+02,-1.294729598306260414e+03,4.862500000000000909e+03,0.000000000000000000e+00,-7.814329082605469239e+02,-1.362325409685019849e+03,4.943500000000000909e+03,0.000000000000000000e+00,-1.040100783637612039e+03,-1.697187583205088458e+03,6.179500000000001819e+03,0.000000000000000000e+00,-7.010587339334812214e+02,-1.331137002629371636e+03,4.896500000000000909e+03,0.000000000000000000e+00,-1.071057566537188450e+03,-1.662884602848081613e+03,6.159000000000001819e+03,0.000000000000000000e+00,-6.619997725217393736e+02,-1.246372588779352327e+03,5.355000000000000909e+03,0.000000000000000000e+00,-1.067845972174648750e+03,-1.349713285215959786e+03,5.799000000000000909e+03,0.000000000000000000e+00,-8.791888056380862508e+02,-1.399173299475672138e+03,7.629000000000001819e+03,0.000000000000000000e+00,-1.084115944410820475e+03,-1.033002185855810922e+03,5.604000000000000909e+03,0.000000000000000000e+00,-5.372969197534129080e+02,-6.772764598335797928e+02,4.818000000000000909e+03,0.000000000000000000e+00,-1.084854521596365203e+03,-7.719356370882728697e+02,5.528000000000000909e+03,0.000000000000000000e+00,-6.558212595073292732e+02,-6.433277244065359355e+02,4.799000000000000909e+03,0.000000000000000000e+00,-8.517144814695482182e+02,-6.427915062574160174e+02,4.795000000000000909e+03,0.000000000000000000e+00,-6.934905586187979907e+02,-3.054917741509752318e+02,4.973000000000000909e+03,0.000000000000000000e+00,-8.756977475255088166e+02,-3.044474628377706154e+02,4.956000000000000909e+03,0.000000000000000000e+00,-7.123599370977567560e+02,4.769978549328094175e+00,5.008000000000000909e+03,0.000000000000000000e+00,-9.010055698131977806e+02,1.427724819587560212e+01,5.072500000000000909e+03,0.000000000000000000e+00
-1.062172464510954796e+03,-1.613454307578214866e+03,5.682000000000000909e+03,0.000000000000000000e+00,-9.137719276521618212e+02,-1.483555755682220706e+03,5.091000000000000909e+03,0.000000000000000000e+00,-1.097246157818870188e+03,-1.668890947317241853e+03,5.727000000000000909e+03,0.000000000000000000e+00,-7.592676810404187790e+02,-1.289338698320847016e+03,4.511000000000000909e+03,0.000000000000000000e+00,-1.130350706816470165e+03,-1.623177669644001526e+03,5.679000000000000909e+03,0.000000000000000000e+00,-6.806704966754189172e+02,-1.077039539960395814e+03,4.519000000000000909e+03,0.000000000000000000e+00,-1.154645647511935749e+03,-1.322965737192240113e+03,5.444500000000000909e+03,0.000000000000000000e+00,-6.141979686605391180e+02,-8.008188796997894769e+02,4.434000000000000909e+03,0.000000000000000000e+00,-1.176428870684338563e+03,-1.021714374089373678e+03,5.226000000000000909e+03,0.000000000000000000e+00,-6.159557203738645512e+02,-6.126818552658552335e+02,4.417000000000000909e+03,0.000000000000000000e+00,-1.161836016991211636e+03,-8.012446645301737362e+02,5.248000000000000909e+03,0.000000000000000000e+00,-7.161668893800556361e+02,-5.571924546097665143e+02,4.401000000000000909e+03,0.000000000000000000e+00,-8.995209290949527485e+02,-5.673148662049184168e+02,4.416000000000000909e+03,0.000000000000000000e+00,-7.370882539477362343e+02,-2.260117346356832968e+02,4.582000000000000909e+03,0.000000000000000000e+00,-9.025408727969760321e+02,-2.354143764323869163e+02,4.599000000000000909e+03,0.000000000000000000e+00,-7.289106640137600834e+02,8.364474305651287978e+01,4.722500000000000909e+03,0.000000000000000000e+00,-8.632509539373703547e+02,1.113347467689567907e+02,4.595000000000000909e+03,0.000000000000000000e+00
-8.035049417707107295e+02,-1.214395227830169688e+03,4.235000000000000909e+03,0.000000000000000000e+00,-7.808497166378766678e+02,-1.257852009913089660e+03,4.262000000000000909e+03,0.000000000000000000e+00,-8.434726520349689736e+02,-1.274526960302599036e+03,4.318500000000000909e+03,0.000000000000000000e+00,-7.270377383315196766e+02,-1.234234441133493192e+03,4.249000000000000909e+03,0.000000000000000000e+00,-1.079846268928562267e+03,-1.563544989227518499e+03,5.400000000000000909e+03,0.000000000000000000e+00,-6.600230031096851917e+02,-1.033897600906463367e+03,4.355000000000000909e+03,0.000000000000000000e+00,-1.017496713511399093e+03,-1.163263858858563253e+03,4.715000000000000909e+03,0.000000000000000000e+00,-6.189452553479700327e+02,-8.086190952140829040e+02,4.409000000000000909e+03,0.000000000000000000e+00,-9.674135231086768272e+02,-8.241817361836397140e+02,4.297500000000000909e+03,0.000000000000000000e+00,-6.044156944660205681e+02,-6.012244727719896673e+02,4.305500000000000909e+03,0.000000000000000000e+00,-9.441145586777871586e+02,-6.754686085307331496e+02,4.194000000000000909e+03,0.000000000000000000e+00,-7.018395712841470413e+02,-5.464745537422215875e+02,4.193000000000000909e+03,0.000000000000000000e+00,-8.569298107727792058e+02,-5.447343485912477945e+02,4.150000000000000909e+03,0.000000000000000000e+00,-7.479491140893728698e+02,-2.321740645381695742e+02,4.301000000000000909e+03,0.000000000000000000e+00,-8.445468906794502573e+02,-2.213376307226877771e+02,4.324000000000000909e+03,0.000000000000000000e+00,-7.686169735432304151e+02,1.004742558510428552e+02,4.492000000000000909e+03,0.000000000000000000e+00,-8.454035457493289414e+02,7.551395869899269542e+01,4.500000000000000909e+03,0.000000000000000000e+00
-8.228645095972429999e+02,-1.186735517721180258e+03,4.193000000000000909e+03,0.000000000000000000e+00,-7.877573832897262491e+02,-1.233119216474986160e+03,4.152000000000000909e+03,0.000000000000000000e+00,-9.235909971284772837e+02,-1.359044685594782550e+03,4.576000000000000909e+03,0.000000000000000000e+00,-7.334158694447893367e+02,-1.226288353763299256e+03,4.129000000000000909e+03,0.000000000000000000e+00,-1.118614211486764361e+03,-1.587433095389884784e+03,5.345000000000000909e+03,0.000000000000000000e+00,-6.651448995816291472e+02,-9.831174874966668540e+02,4.258000000000000909e+03,0.000000000000000000e+00,-9.041683836746742600e+02,-9.977824042098400241e+02,4.154000000000000909e+03,0.000000000000000000e+00,-6.308995407751882567e+02,-7.343716268342183184e+02,4.241000000000000909e+03,0.000000000000000000e+00,-9.427638940730979584e+02,-7.992822682261223690e+02,4.188000000000000909e+03,0.000000000000000000e+00,-6.237709766562511504e+02,-5.547254347307798525e+02,4.167000000000000909e+03,0.000000000000000000e+00,-6.236961301267748468e+02,-5.507795164301405748e+02,4.166500000000000909e+03,0.000000000000000000e+00,-7.220378334571207688e+02,-5.256675918063509698e+02,4.152000000000000909e+03,0.000000000000000000e+00,-8.827952595862619773e+02,-5.254463048987007596e+02,4.181000000000000909e+03,0.000000000000000000e+00,-7.925685362973334804e+02,-1.982760567510728436e+02,4.261000000000000909e+03,0.000000000000000000e+00,-8.582778122669240020e+02,-2.236958168711775841e+02,4.292000000000000909e+03,0.000000000000000000e+00,-8.339436310180602732e+02,1.034218615314229908e+02,4.439000000000000909e+03,0.000000000000000000e+00,-8.119957635239487672e+02,8.262597700338636741e+01,4.432000000000000909e+03,0.000000000000000000e+00
-1.117426378315803049e+03,-1.535426296737305393e+03,5.269000000000000909e+03,0.000000000000000000e+00,-8.158476312608514718e+02,-1.198964110197615128e+03,3.987000000000000909e+03,0.000000000000000000e+00,-1.129243274904619284e+03,-1.575532046916704985e+03,5.255500000000000909e+03,0.000000000000000000e+00,-7.259339139820054925e+02,-1.171654616227086990e+03,3.982500000000000909e+03,0.000000000000000000e+00,-1.150455946873996936e+03,-1.548378718192883525e+03,5.263000000000000909e+03,0.000000000000000000e+00,-6.688693586732923677e+02,-9.891293482507882118e+02,4.134000000000000909e+03,0.000000000000000000e+00,-8.999358630086272797e+02,-9.839744874249261102e+02,4.065000000000000909e+03,0.000000000000000000e+00,-6.266151447763541000e+02,-7.677204655400660158e+02,4.186000000000000909e+03,0.000000000000000000e+00,-9.372552654339964420e+02,-7.542404239210515016e+02,4.112500000000000909e+03,0.000000000000000000e+00,-6.106894202674179724e+02,-5.614718997700547334e+02,4.131000000000000909e+03,0.000000000000000000e+00,-9.369864883725812206e+02,-5.694561374902273201e+02,4.078000000000000909e+03,0.000000000000000000e+00,-7.227583368299461881e+02,-4.924278482149990168e+02,4.069000000000000909e+03,0.000000000000000000e+00,-8.841434700256443193e+02,-5.104910046636026095e+02,4.062000000000000909e+03,0.000000000000000000e+00,-7.774723771445359262e+02,-1.417772854632659687e+02,4.118000000000000909e+03,0.000000000000000000e+00,-8.364047164516749717e+02,-1.727440192820766356e+02,4.125000000000000909e+03,0.000000000000000000e+00,-7.989648198459473178e+02,1.808208226688902300e+02,4.130000000000001819e+03,0.000000000000000000e+00,-7.835833316441645593e+02,1.808208226688902300e+02,4.130000000000001819e+03,0.000000000000000000e+00
-8.400129154839866032e+02,-1.175626326790568555e+03,3.996000000000000909e+03,0.000000000000000000e+00,-7.773811507760873383e+02,-1.180018853377336882e+03,3.924000000000000909e+03,0.000000000000000000e+00,-1.120819995874864162e+03,-1.585219385503085959e+03,5.239000000000000909e+03,0.000000000000000000e+00,-7.214890155138335786e+02,-1.151229473109067385e+03,3.938000000000000909e+03,0.000000000000000000e+00,-1.155847417580247338e+03,-1.527849700852854767e+03,5.243000000000000909e+03,0.000000000000000000e+00,-6.834273717035946447e+02,-9.731251253946219322e+02,4.083000000000000909e+03,0.000000000000000000e+00,-1.183309076587308482e+03,-1.212237203695948665e+03,5.008000000000000909e+03,0.000000000000000000e+00,-6.213764208380504215e+02,-7.061386250463717715e+02,4.100000000000000909e+03,0.000000000000000000e+00,-1.249801263071383573e+03,-9.174800433321062201e+02,4.903000000000000909e+03,0.000000000000000000e+00,-6.042711470475866236e+02,-4.651063036401336603e+02,4.062000000000000909e+03,0.000000000000000000e+00,-1.250442637865747656e+03,-1.123020327452205720e+03,4.923500000000000909e+03,0.000000000000000000e+00,-7.237673505839950394e+02,-4.829883367476188027e+02,3.991000000000000909e+03,0.000000000000000000e+00,-9.030371918252135401e+02,-4.797527383891466570e+02,3.995000000000000909e+03,0.000000000000000000e+00,-7.867333199946409650e+02,-1.386787046736365596e+02,4.028000000000000909e+03,0.000000000000000000e+00,-1.135453824571440009e+03,-1.803718306318723705e+02,5.239000000000000909e+03,0.000000000000000000e+00,-8.138822602824401429e+02,1.863205891998726713e+02,4.167000000000001819e+03,0.000000000000000000e+00,-8.415810504816490720e+02,1.639024475940428545e+02,4.189000000000001819e+03,0.000000000000000000e+00
-8.162269628781120900e+02,-1.095069058527419429e+03,3.734000000000000909e+03,0.000000000000000000e+00,-7.640898945066746819e+02,-1.114919657385562687e+03,3.651000000000000909e+03,0.000000000000000000e+00,-1.147277026299794898e+03,-1.556337451072451358e+03,5.096500000000000909e+03,0.000000000000000000e+00,-7.031418542334998847e+02,-1.093385167513318038e+03,3.670000000000000909e+03,0.000000000000000000e+00,-1.212516233160407637e+03,-1.532619776508370251e+03,5.193000000000000909e+03,0.000000000000000000e+00,-6.633309883412454155e+02,-9.065071722407164998e+02,3.774000000000000909e+03,0.000000000000000000e+00,-1.204703517394667642e+03,-1.192170931861176996e+03,4.814000000000000909e+03,0.000000000000000000e+00,-6.200434150396677069e+02,-6.486574190334783907e+02,3.746000000000000909e+03,0.000000000000000000e+00,-1.279601008539048962e+03,-9.390185670109925695e+02,4.826000000000000909e+03,0.000000000000000000e+00,-6.369720656326687731e+02,-4.494904880577161066e+02,3.743000000000000909e+03,0.000000000000000000e+00,-1.225193554933076030e+03,-1.052154052924778625e+03,4.670000000000000909e+03,0.000000000000000000e+00,-7.062072441851903477e+02,-4.379095830165841789e+02,3.704000000000000909e+03,0.000000000000000000e+00,-9.079032789039492854e+02,-4.473288987483284700e+02,3.725000000000000909e+03,0.000000000000000000e+00,-7.321264795900696072e+02,-1.021058587174048569e+02,3.784500000000000909e+03,0.000000000000000000e+00,-1.211080765168399694e+03,-1.356150347055189798e+02,5.026500000000000909e+03,0.000000000000000000e+00,-7.857737887973672741e+02,1.939445332726780293e+02,4.004000000000001819e+03,0.000000000000000000e+00,-1.032202990044142098e+03,2.534884005977087043e+02,4.187000000000001819e+03,0.000000000000000000e+00
-1.210301149075436570e+03,-1.541656084343859902e+03,5.142500000000000909e+03,0.000000000000000000e+00,-8.041325287580441454e+02,-1.115414500172440285e+03,3.587000000000000909e+03,0.000000000000000000e+00,-1.213710716656054728e+03,-1.575318505459954167e+03,5.096500000000000909e+03,0.000000000000000000e+00,-7.271145001686561500e+02,-1.095070361924028475e+03,3.586000000000000909e+03,0.000000000000000000e+00,-1.256224775088320030e+03,-1.548819075596756420e+03,5.134500000000000909e+03,0.000000000000000000e+00,-6.527093380466565122e+02,-9.113672735150653352e+02,3.694000000000000909e+03,0.000000000000000000e+00,-1.238704790067776912e+03,-1.173659725067598856e+03,4.721500000000000909e+03,0.000000000000000000e+00,-6.087879552898820066e+02,-6.437315831926314331e+02,3.678000000000000909e+03,0.000000000000000000e+00,-1.295774030227905996e+03,-8.282642723052380234e+02,4.658000000000000909e+03,0.000000000000000000e+00,-6.165368024054653233e+02,-4.364728680873656685e+02,3.663000000000000909e+03,0.000000000000000000e+00,-1.227140385392367762e+03,-5.186913444674593165e+02,4.353000000000000909e+03,0.000000000000000000e+00,-7.113960999976164885e+02,-4.083186674447248947e+02,3.625000000000000909e+03,0.000000000000000000e+00,-9.107826194107038873e+02,-4.084313070771236198e+02,3.626000000000000909e+03,0.000000000000000000e+00,-7.475959244237827761e+02,-7.335975174718826963e+01,3.756000000000000909e+03,0.000000000000000000e+00,-1.180711587797467246e+03,-9.284227367685313936e+01,4.753500000000000909e+03,0.000000000000000000e+00,-7.895734223703241241e+02,2.368394132166793611e+02,3.912000000000001819e+03,0.000000000000000000e+00,-1.004503514503987503e+03,2.542267733203869682e+02,4.014000000000001819e+03,0.000000000000000000e+00
-1.238987767889696670e+03,-1.558003477080549828e+03,4.951000000000000909e+03,0.000000000000000000e+00,-1.197708640933474953e+03,-1.629094947011245495e+03,4.971000000000000909e+03,0.000000000000000000e+00,-1.288653501741854598e+03,-1.630441806104731086e+03,4.947000000000000909e+03,0.000000000000000000e+00,-7.578173788316425998e+02,-1.077678572020046204e+03,3.394500000000000909e+03,0.000000000000000000e+00,-1.315857904196478330e+03,-1.535509735296097915e+03,4.894000000000000909e+03,0.000000000000000000e+00,-6.929488631976782926e+02,-8.843032512240380356e+02,3.531000000000000909e+03,0.000000000000000000e+00,-1.229653888973121411e+03,-1.072695574089363390e+03,4.236000000000000909e+03,0.000000000000000000e+00,-6.452728066632101900e+02,-6.000317544174879458e+02,3.522000000000000909e+03,0.000000000000000000e+00,-1.272762257103990578e+03,-7.585988082245959276e+02,4.222000000000000909e+03,0.000000000000000000e+00,-6.274420301580067871e+02,-3.867582342587262474e+02,3.551000000000000909e+03,0.000000000000000000e+00,-1.274058630264560861e+03,-4.755773699815559326e+02,4.187500000000000909e+03,0.000000000000000000e+00,-7.362609591430987166e+02,-3.603075402078559364e+02,3.487000000000000909e+03,0.000000000000000000e+00,-9.860125931041102376e+02,-3.763235048571872312e+02,3.642000000000000909e+03,0.000000000000000000e+00,-7.956195819816292669e+02,-5.119155675739702360e+01,3.671000000000000909e+03,0.000000000000000000e+00,-1.160297713809845391e+03,-2.042214892652335578e+01,4.407000000000000909e+03,0.000000000000000000e+00,-7.733448699507123365e+02,2.344574694108347614e+02,3.814000000000001819e+03,0.000000000000000000e+00,-8.820528650975410301e+02,3.202056968405207726e+02,3.473000000000001364e+03,0.000000000000000000e+00
-1.221692821023621491e+03,-1.406915574235663371e+03,4.828000000000000909e+03,0.000000000000000000e+00,-8.351588800786795446e+02,-1.023323878251388578e+03,3.413500000000000909e+03,0.000000000000000000e+00,-1.248876942314737107e+03,-1.442426494860570074e+03,4.811500000000000909e+03,0.000000000000000000e+00,-1.298439427931716864e+03,-1.437779792029781675e+03,4.796000000000000909e+03,0.000000000000000000e+00,-7.786089716924227560e+02,-1.003687811450314598e+03,3.348000000000000909e+03,0.000000000000000000e+00,-6.994208936639415697e+02,-8.539021425470568829e+02,3.372000000000000909e+03,0.000000000000000000e+00,-1.224780540099072141e+03,-1.089389246072262722e+03,4.179000000000000909e+03,0.000000000000000000e+00,-6.483466034676195022e+02,-5.891242775947259815e+02,3.384000000000000909e+03,0.000000000000000000e+00,-6.483466034676195022e+02,-5.891242775947259815e+02,3.384000000000000909e+03,0.000000000000000000e+00,-6.378121358750425998e+02,-3.798559335086642363e+02,3.429000000000000909e+03,0.000000000000000000e+00,-6.436338994971557668e+02,-3.795236011083941889e+02,3.426000000000000909e+03,0.000000000000000000e+00,-7.455044226948232335e+02,-3.730383198458114293e+02,3.396000000000000909e+03,0.000000000000000000e+00,-9.447341639698562403e+02,-3.743015532610727405e+02,3.407500000000000909e+03,0.000000000000000000e+00,-7.947650224305929214e+02,-4.632902318971963496e+01,3.560000000000000909e+03,0.000000000000000000e+00,-9.078072423908206474e+02,-3.202998662083901849e+01,3.448000000000000909e+03,0.000000000000000000e+00,-7.821815510102975395e+02,2.634141565004475183e+02,3.771000000000001819e+03,0.000000000000000000e+00,-8.659140086045634916e+02,2.836419147097345217e+02,3.422000000000001364e+03,0.000000000000000000e+00
-8.454669349705405921e+02,-1.001236898699613903e+03,3.144500000000000909e+03,0.000000000000000000e+00,-7.924233985059585166e+02,-1.019190593100909382e+03,3.075000000000000909e+03,0.000000000000000000e+00,-1.136550461365344972e+03,-1.368597202366484680e+03,4.072000000000000909e+03,0.000000000000000000e+00,-7.446225215861807101e+02,-9.926753505393631940e+02,3.090500000000000909e+03,0.000000000000000000e+00,-1.172959100187265904e+03,-1.319991967070197916e+03,4.133500000000000909e+03,0.000000000000000000e+00,-6.850867607311165557e+02,-8.151857143380931348e+02,3.161000000000000909e+03,0.000000000000000000e+00,-1.138747699073499007e+03,-9.662726713530892084e+02,3.720000000000000909e+03,0.000000000000000000e+00,-6.505100051890476607e+02,-5.821017702463738033e+02,3.223000000000000909e+03,0.000000000000000000e+00,-1.256568375990318827e+03,-7.179098890972109075e+02,3.836500000000000909e+03,0.000000000000000000e+00,-6.457080745130236892e+02,-3.727327723012613774e+02,3.229000000000000909e+03,0.000000000000000000e+00,-1.248291093960554008e+03,-4.467765427158942657e+02,3.779000000000000909e+03,0.000000000000000000e+00,-7.463983605735446645e+02,-3.260343448366735402e+02,3.184000000000000909e+03,0.000000000000000000e+00,-9.026691418158204669e+02,-3.257271516725688230e+02,3.181000000000000909e+03,0.000000000000000000e+00,-7.761175759015175117e+02,6.970653631757062207e-02,3.259000000000000909e+03,0.000000000000000000e+00,-8.661787998015205403e+02,-5.971479639895484581e+00,3.244000000000000909e+03,0.000000000000000000e+00,-7.768814764911137445e+02,3.435854344394041959e+02,3.354000000000001364e+03,0.000000000000000000e+00,-8.663829156998478993e+02,2.692777477780027766e+02,3.362000000000001364e+03,0.000000000000000000e+00
-1.150867424645633719e+03,-1.280451655875733877e+03,4.069000000000000909e+03,0.000000000000000000e+00,-8.122780763993532673e+02,-9.770981568260122003e+02,2.990000000000000455e+03,0.000000000000000000e+00,-1.166360384840071447e+03,-1.322004276675459550e+03,4.057000000000000909e+03,0.000000000000000000e+00,-7.558038890807523558e+02,-9.636957443117804587e+02,3.009000000000000455e+03,0.000000000000000000e+00,-1.201593622519520295e+03,-1.304784467373278403e+03,4.074000000000000909e+03,0.000000000000000000e+00,-6.924910458136599800e+02,-7.937416237268427039e+02,3.089000000000000909e+03,0.000000000000000000e+00,-9.707240758718673987e+02,-8.036349675591113737e+02,3.105000000000000909e+03,0.000000000000000000e+00,-6.454916432628072016e+02,-5.504640879971788081e+02,3.112000000000000909e+03,0.000000000000000000e+00,-1.255660403213007157e+03,-7.354932000210426395e+02,3.780000000000000909e+03,0.000000000000000000e+00,-6.403132578699575106e+02,-3.421714859598653220e+02,3.115000000000000909e+03,0.000000000000000000e+00,-1.261828163638713704e+03,-4.093227396659419810e+02,3.695000000000000909e+03,0.000000000000000000e+00,-7.459790318909898588e+02,-2.894996802837998757e+02,3.049000000000000455e+03,0.000000000000000000e+00,-9.049655384947201355e+02,-2.893873300661983876e+02,3.078000000000000909e+03,0.000000000000000000e+00,-8.026971603940008890e+02,5.284299020958399495e+01,3.149000000000000909e+03,0.000000000000000000e+00,-8.636227441048642959e+02,5.334641660091061510e+01,3.179000000000000909e+03,0.000000000000000000e+00,-8.480863104010111329e+02,3.922871671338216402e+02,3.291000000000001364e+03,0.000000000000000000e+00,-8.610560238543966989e+02,3.817047899306629688e+02,3.305500000000001364e+03,0.000000000000000000e+00
-8.148559966586559540e+02,-9.066063456814915753e+02,2.881000000000000455e+03,0.000000000000000000e+00,-7.724404573618412542e+02,-9.359981251762498005e+02,2.824000000000000455e+03,0.000000000000000000e+00,-8.390875056960143183e+02,-9.355959943119976288e+02,2.863000000000000455e+03,0.000000000000000000e+00,-7.329715740440549325e+02,-9.255793625465518062e+02,2.865000000000000455e+03,0.000000000000000000e+00,-1.230029191642601290e+03,-1.267633019603199727e+03,3.958000000000000909e+03,0.000000000000000000e+00,-7.031047979726100721e+02,-7.754205874276832446e+02,2.964000000000000455e+03,0.000000000000000000e+00,-1.238193564671524655e+03,-9.758759237349755722e+02,3.717000000000000909e+03,0.000000000000000000e+00,-6.420081922798648293e+02,-4.948980150590161884e+02,2.937000000000000455e+03,0.000000000000000000e+00,-1.292621045267158479e+03,-6.143677776319964323e+02,3.646000000000000909e+03,0.000000000000000000e+00,-6.413574194180017685e+02,-6.806622554644035290e+02,2.972000000000000455e+03,0.000000000000000000e+00,-1.270477768314588729e+03,-3.496821426870865821e+02,3.612000000000000909e+03,0.000000000000000000e+00,-7.389708059644993909e+02,-2.752573214636719285e+02,2.899000000000000455e+03,0.000000000000000000e+00,-9.217840192130275909e+02,-2.782956913452992467e+02,2.931000000000000455e+03,0.000000000000000000e+00,-8.209414114496681805e+02,8.001448338448628306e+01,2.961000000000000455e+03,0.000000000000000000e+00,-7.787377045336069159e+02,9.030429738699871223e+01,2.937000000000000455e+03,0.000000000000000000e+00,-8.244724853384182097e+02,4.126065250411593297e+02,2.915000000000001364e+03,0.000000000000000000e+00,-7.693977081403492093e+02,4.067592607589094200e+02,2.912000000000001364e+03,0.000000000000000000e+00
-8.006103460311305753e+02,-9.064190356249191609e+02,2.758000000000000455e+03,0.000000000000000000e+00,-7.729642516729202271e+02,-9.374167946218982479e+02,2.751000000000000455e+03,0.000000000000000000e+00,-8.288575366525403751e+02,-9.398020790865850813e+02,2.758000000000000455e+03,0.000000000000000000e+00,-7.236188569818027645e+02,-9.277462048318270718e+02,2.768000000000000455e+03,0.000000000000000000e+00,-1.222584614567574590e+03,-1.292300527642421457e+03,3.899000000000000909e+03,0.000000000000000000e+00,-6.842777727230121627e+02,-7.926843173752675966e+02,2.896000000000000455e+03,0.000000000000000000e+00,-1.267150865611470863e+03,-1.026849177014267070e+03,3.751500000000000909e+03,0.000000000000000000e+00,-6.329273194493401888e+02,-5.158543766965453869e+02,2.871000000000000455e+03,0.000000000000000000e+00,-1.274863522202985450e+03,-8.547143702576667010e+02,3.531000000000000909e+03,0.000000000000000000e+00,-6.460276080692016194e+02,-6.332651295549300130e+02,2.858000000000000455e+03,0.000000000000000000e+00,-1.271611812471827534e+03,-8.968916306552858941e+02,3.568000000000000909e+03,0.000000000000000000e+00,-7.429641587941775924e+02,-2.724913624891098038e+02,2.842000000000000455e+03,0.000000000000000000e+00,-9.428080265549026535e+02,-2.775730099950642966e+02,2.895000000000000455e+03,0.000000000000000000e+00,-8.000057415565185011e+02,9.743477626661845648e+01,2.905000000000000455e+03,0.000000000000000000e+00,-1.298988256118393110e+03,1.432288884971477501e+02,4.155000000000000909e+03,0.000000000000000000e+00,-7.925419089994215938e+02,4.377490049507533172e+02,2.849000000000001364e+03,0.000000000000000000e+00,-8.774387726235108858e+02,3.984245054626384217e+02,3.013000000000001364e+03,0.000000000000000000e+00
-8.014686521761273070e+02,-9.042874521983965224e+02,2.556000000000000455e+03,0.000000000000000000e+00,-7.708320917609909202e+02,-9.379721451051101440e+02,2.557000000000000455e+03,0.000000000000000000e+00,-1.216537438076189346e+03,-1.378162436120413986e+03,3.757000000000000909e+03,0.000000000000000000e+00,-7.271762469314141981e+02,-9.215633731067624694e+02,2.571000000000000455e+03,0.000000000000000000e+00,-1.276004766766242255e+03,-1.346679732696268502e+03,3.757000000000000909e+03,0.000000000000000000e+00,-6.761315695474557970e+02,-7.537623979190217369e+02,2.672000000000000455e+03,0.000000000000000000e+00,-1.259650186626670802e+03,-9.571729483220815382e+02,3.427000000000000909e+03,0.000000000000000000e+00,-6.312158836792067405e+02,-4.843924752717264823e+02,2.682000000000000455e+03,0.000000000000000000e+00,-1.294923721327950489e+03,-6.430824634304121901e+02,3.337000000000000909e+03,0.000000000000000000e+00,-6.234492452894178314e+02,-2.860501942605119439e+02,2.649000000000000455e+03,0.000000000000000000e+00,-1.273808549006922703e+03,-3.253330583307588313e+02,3.236000000000000909e+03,0.000000000000000000e+00,-7.184905265820849536e+02,-2.307177288527587393e+02,2.609000000000000455e+03,0.000000000000000000e+00,-9.996277561746784386e+02,-2.447314490170589352e+02,2.827000000000000455e+03,0.000000000000000000e+00,-7.493341214372759396e+02,1.343324461447038800e+02,2.721000000000001364e+03,0.000000000000000000e+00,-1.231434846863060557e+03,1.793595352427765590e+02,3.501000000000000909e+03,0.000000000000000000e+00,-7.754436466024357060e+02,4.641295255671077484e+02,2.769000000000001364e+03,0.000000000000000000e+00,-1.019429367191934148e+03,5.181338364367844633e+02,2.883000000000001364e+03,0.000000000000000000e+00
-8.260793158374939367e+02,-8.195318599553316972e+02,2.515000000000000455e+03,0.000000000000000000e+00,-7.885468047634041113e+02,-8.397762540385796228e+02,2.478000000000000455e+03,0.000000000000000000e+00,-1.238635040455239960e+03,-1.232552960427083917e+03,3.637000000000000909e+03,0.000000000000000000e+00,-7.360014823326357600e+02,-8.446478076912962933e+02,2.472000000000000455e+03,0.000000000000000000e+00,-1.295452288802377552e+03,-1.232169803472477042e+03,3.616000000000000909e+03,0.000000000000000000e+00,-6.651884869191023881e+02,-6.794792589771647044e+02,2.474000000000000455e+03,0.000000000000000000e+00,-1.208768738818910833e+03,-8.596483753429771468e+02,3.130000000000000909e+03,0.000000000000000000e+00,-6.330536569998386085e+02,-4.558463402412499477e+02,2.511000000000000455e+03,0.000000000000000000e+00,-1.247653066729729289e+03,-5.525086061796855574e+02,3.075000000000000909e+03,0.000000000000000000e+00,-6.405232726104226231e+02,-2.582470532908577638e+02,2.522000000000000455e+03,0.000000000000000000e+00,-1.250640751834521097e+03,-2.745378266987866027e+02,3.040500000000000455e+03,0.000000000000000000e+00,-7.279831837613365906e+02,-1.973504696928074793e+02,2.524000000000000455e+03,0.000000000000000000e+00,-9.332511887496693817e+02,-2.174354674719226637e+02,2.539000000000000455e+03,0.000000000000000000e+00,-7.499242412631861043e+02,1.342503297147084993e+02,2.669000000000001364e+03,0.000000000000000000e+00,-1.221758405391640281e+03,1.855657623416886963e+02,3.266000000000000909e+03,0.000000000000000000e+00,-7.636109302223279656e+02,4.549950897593539025e+02,2.745000000000001364e+03,0.000000000000000000e+00,-7.305369154306046084e+02,5.713680301520920466e+02,2.600000000000001364e+03,0.000000000000000000e+00
-1.227419025267089182e+03,-1.170353307390601003e+03,3.444000000000000909e+03,0.000000000000000000e+00,-8.448861103662346750e+02,-8.682008637303853220e+02,2.454000000000000455e+03,0.000000000000000000e+00,-1.262223151700025483e+03,-1.211717806682630453e+03,3.434000000000000909e+03,0.000000000000000000e+00,-7.639716426978437767e+02,-8.307060288695097370e+02,2.373000000000000455e+03,0.000000000000000000e+00,-1.294724398340974403e+03,-1.172739243553592360e+03,3.377000000000000909e+03,0.000000000000000000e+00,-6.934907760315242058e+02,-6.779246501112874057e+02,2.460000000000000455e+03,0.000000000000000000e+00,-1.225050817554081050e+03,-8.310514327961438994e+02,3.005500000000000455e+03,0.000000000000000000e+00,-6.367734041327555587e+02,-4.140741650375380800e+02,2.471000000000000455e+03,0.000000000000000000e+00,-1.263329882664325851e+03,-5.215254751536056119e+02,2.964000000000000455e+03,0.000000000000000000e+00,-6.382051908768028170e+02,-1.938455945703059626e+02,2.450000000000000455e+03,0.000000000000000000e+00,-1.276982440986592792e+03,-2.309927401420443687e+02,2.919500000000000455e+03,0.000000000000000000e+00,-7.580967114989836091e+02,-1.838546695119662218e+02,2.469000000000000455e+03,0.000000000000000000e+00,-9.845131277660575506e+02,-1.890185731401746239e+02,2.507000000000000455e+03,0.000000000000000000e+00,-7.556080032265857653e+02,1.436279405482905531e+02,2.570000000000001364e+03,0.000000000000000000e+00,-1.232587463676097741e+03,2.490917893212238710e+02,3.184000000000001364e+03,0.000000000000000000e+00,-7.598644814594471200e+02,4.349425956516076326e+02,2.669000000000001364e+03,0.000000000000000000e+00,-9.397007700129487375e+02,5.568809188385018842e+02,2.451000000000000909e+03,0.000000000000000000e+00
-1.238454887337768696e+03,-1.154957127782787438e+03,2.912000000000000000e+03,0.000000000000000000e+00,-1.268460537091432570e+03,-1.286436641636577633e+03,3.112000000000000000e+03,0.000000000000000000e+00,-1.234991206471273927e+03,-1.169943064874307538e+03,2.817500000000000000e+03,0.000000000000000000e+00,-9.406856590809320551e+02,-9.969352005483789299e+02,2.496000000000000000e+03,0.000000000000000000e+00,-1.243644988723514416e+03,-1.102779682978395158e+03,2.761000000000000000e+03,0.000000000000000000e+00,-7.896489440328754199e+02,-7.034997272942689506e+02,2.325000000000000455e+03,0.000000000000000000e+00,-1.242075487796268590e+03,-7.808152275214720248e+02,2.596500000000000455e+03,0.000000000000000000e+00,-6.961304229361946909e+02,-4.153629735053683021e+02,2.288000000000000455e+03,0.000000000000000000e+00,-1.256383012532756766e+03,-4.636400709233846555e+02,2.528000000000000455e+03,0.000000000000000000e+00,-6.915482278059105283e+02,-1.921822929945629426e+02,2.294000000000000455e+03,0.000000000000000000e+00,-1.269428391858839859e+03,-1.856257387599163451e+02,2.462000000000000455e+03,0.000000000000000000e+00,-8.250518353422955897e+02,-1.646305570735864308e+02,2.297000000000000455e+03,0.000000000000000000e+00,-1.241194973253162743e+03,-1.957400853985295441e+02,2.767000000000000455e+03,0.000000000000000000e+00,-8.705844925523400661e+02,2.007364982150967307e+02,2.293000000000000909e+03,0.000000000000000000e+00,-1.262335117691105097e+03,2.822763222983702462e+02,3.001000000000001364e+03,0.000000000000000000e+00,-8.818972174829302730e+02,6.034518551460055278e+02,2.561500000000001364e+03,0.000000000000000000e+00,-8.582432182694439007e+02,5.429348107501137974e+02,2.217000000000000909e+03,0.000000000000000000e+00
-1.240303153155959990e+03,-1.146738606788221205e+03,2.731000000000000000e+03,0.000000000000000000e+00,-1.210201446956471045e+03,-1.244956480230573789e+03,2.827000000000000000e+03,0.000000000000000000e+00,-1.235723635854875283e+03,-1.182046175723444776e+03,2.645000000000000000e+03,0.000000000000000000e+00,-8.135988878485383111e+02,-8.639076455598608391e+02,2.062000000000000000e+03,0.000000000000000000e+00,-1.238411922545433072e+03,-1.103975095077707920e+03,2.635000000000000000e+03,0.000000000000000000e+00,-7.598868227871892032e+02,-6.662527302468611197e+02,2.149000000000000455e+03,0.000000000000000000e+00,-1.249631355118390502e+03,-7.836687440513704814e+02,2.543000000000000455e+03,0.000000000000000000e+00,-6.966641717751361966e+02,-3.780488743280509993e+02,2.115000000000000455e+03,0.000000000000000000e+00,-1.243482268049090180e+03,-4.429522220934180723e+02,2.403000000000000455e+03,0.000000000000000000e+00,-7.034422581549532651e+02,-1.528003557863474953e+02,2.160000000000000455e+03,0.000000000000000000e+00,-1.258813752957729093e+03,-1.873210567783325473e+02,2.340000000000000455e+03,0.000000000000000000e+00,-8.222029283408093079e+02,-1.343882999471043149e+02,2.155000000000000455e+03,0.000000000000000000e+00,-1.035850912070722870e+03,-1.372962226477841909e+02,2.235000000000000455e+03,0.000000000000000000e+00,-8.606495441105087139e+02,2.567617975146664548e+02,2.171000000000000909e+03,0.000000000000000000e+00,-1.061754256328667452e+03,2.988939749583885828e+02,2.507500000000000909e+03,0.000000000000000000e+00,-8.402144921585226029e+02,6.441584875642952284e+02,2.090000000000000909e+03,0.000000000000000000e+00,-8.199137322526216849e+02,5.903105745628547538e+02,2.149000000000000909e+03,0.000000000000000000e+00
-1.195493763129892614e+03,-1.064679332151810058e+03,2.564000000000000000e+03,0.000000000000000000e+00,-8.245520725606954784e+02,-8.094663520885978869e+02,1.842000000000000000e+03,0.000000000000000000e+00,-1.240979561582393217e+03,-1.137607945463154238e+03,2.535000000000000000e+03,0.000000000000000000e+00,-7.621058340466896652e+02,-7.762906192619875583e+02,1.857000000000000000e+03,0.000000000000000000e+00,-1.251413143021155520e+03,-1.057300553604079369e+03,2.518000000000000000e+03,0.000000000000000000e+00,-7.229717793832999178e+02,-6.085492547637205689e+02,1.957000000000000455e+03,0.000000000000000000e+00,-1.204649223471393270e+03,-7.084759900016125584e+02,2.299000000000000455e+03,0.000000000000000000e+00,-6.823246144352891633e+02,-3.422668354982207575e+02,2.009000000000000455e+03,0.000000000000000000e+00,-1.254481977372636038e+03,-4.040922908192660543e+02,2.284500000000000455e+03,0.000000000000000000e+00,-6.790331433220173949e+02,-9.596712190676576881e+01,1.983000000000000455e+03,0.000000000000000000e+00,-1.256269317398015346e+03,-1.487767946638774959e+02,2.220000000000000455e+03,0.000000000000000000e+00,-7.686964828816579711e+02,-1.233730086891486621e+02,1.921000000000000455e+03,0.000000000000000000e+00,-9.812167533515190598e+02,-1.224301439539301555e+02,1.993000000000000455e+03,0.000000000000000000e+00,-9.128487789110773747e+02,2.854500333067732640e+02,2.114000000000000909e+03,0.000000000000000000e+00,-8.557687441515651017e+02,2.759305312499485012e+02,2.043500000000000909e+03,0.000000000000000000e+00,-9.760878995160652494e+02,6.416611082208437438e+02,2.167000000000000909e+03,0.000000000000000000e+00,-8.155396230938240478e+02,4.979363393142313043e+02,2.122000000000000909e+03,0.000000000000000000e+00
-1.167970038763695356e+03,-1.008588757483639597e+03,2.229000000000000000e+03,0.000000000000000000e+00,-8.591049958292145448e+02,-8.068525873925299265e+02,1.765000000000000000e+03,0.000000000000000000e+00,-1.164341397735309556e+03,-1.021499130489737013e+03,2.230000000000000000e+03,0.000000000000000000e+00,-7.808468902156108697e+02,-7.746298014593488688e+02,1.759000000000000000e+03,0.000000000000000000e+00,-1.179790174486728802e+03,-9.900473666880234305e+02,2.220000000000000000e+03,0.000000000000000000e+00,-7.487910524502044609e+02,-5.886039394683062937e+02,1.854000000000000455e+03,0.000000000000000000e+00,-1.226519469678231644e+03,-6.892444188703847203e+02,2.171000000000000455e+03,0.000000000000000000e+00,-7.007812137634241481e+02,-3.234459360578259748e+02,1.878000000000000455e+03,0.000000000000000000e+00,-1.259789830040581819e+03,-3.566621158206035034e+02,2.105000000000000455e+03,0.000000000000000000e+00,-6.769666111952982419e+02,-6.280798616136697632e+01,1.875000000000000455e+03,0.000000000000000000e+00,-1.260199499122463976e+03,-9.110938610219716338e+01,2.083000000000000455e+03,0.000000000000000000e+00,-7.914146163292105030e+02,-1.118641706673892742e+02,1.821000000000000455e+03,0.000000000000000000e+00,-1.010657719957301083e+03,-9.393048886741696890e+01,1.869000000000000455e+03,0.000000000000000000e+00,-1.304868096386641810e+03,4.369461448616201551e+02,2.793000000000001364e+03,0.000000000000000000e+00,-1.302085191792823252e+03,4.455062743445187721e+02,2.781500000000001364e+03,0.000000000000000000e+00,-7.122142868528090958e+02,4.003516302209105788e+02,1.784000000000000682e+03,0.000000000000000000e+00,-8.182184124583059202e+02,6.652247991420147173e+02,1.681000000000000682e+03,0.000000000000000000e+00
-1.110450584520344592e+03,-9.270216520173402159e+02,2.123000000000000000e+03,0.000000000000000000e+00,-8.502838091237771323e+02,-7.685400265366012036e+02,1.695000000000000000e+03,0.000000000000000000e+00,-1.151252159330708082e+03,-9.653225466055599782e+02,2.129000000000000000e+03,0.000000000000000000e+00,-7.953781917419480578e+02,-7.579565364446814328e+02,1.689000000000000000e+03,0.000000000000000000e+00,-1.174781577891116740e+03,-9.412915015280142370e+02,2.076000000000000000e+03,0.000000000000000000e+00,-7.662754121160534169e+02,-6.016181218654244276e+02,1.790000000000000455e+03,0.000000000000000000e+00,-1.214703687267479381e+03,-6.937770243003218411e+02,2.036000000000000000e+03,0.000000000000000000e+00,-6.972648210799382014e+02,-3.055953646090996472e+02,1.784000000000000455e+03,0.000000000000000000e+00,-1.243076458650451741e+03,-5.176255710246523449e+02,1.944000000000000455e+03,0.000000000000000000e+00,-6.982215123581088392e+02,-7.182723439681544164e+01,1.795000000000000455e+03,0.000000000000000000e+00,-1.256539257822808167e+03,-1.061006637179006162e+02,2.000000000000000455e+03,0.000000000000000000e+00,-8.241272187705105807e+02,-9.850807568755597288e+01,1.764000000000000455e+03,0.000000000000000000e+00,-1.201824197928771127e+03,-1.249909224849415921e+02,2.066000000000000455e+03,0.000000000000000000e+00,-1.274268165206694221e+03,4.363052203146192483e+02,2.603000000000001364e+03,0.000000000000000000e+00,-1.273283074829842235e+03,3.660968342807327645e+02,2.272500000000000909e+03,0.000000000000000000e+00,-7.861689940867120185e+02,6.127623286762119506e+02,1.609000000000000682e+03,0.000000000000000000e+00,-7.795954240776732149e+02,6.146664999896868267e+02,1.614000000000000682e+03,0.000000000000000000e+00
-9.054261340746767246e+02,-7.545209471159296299e+02,1.640500000000000000e+03,0.000000000000000000e+00,-8.159181245135652034e+02,-7.231298200083415395e+02,1.538000000000000000e+03,0.000000000000000000e+00,-1.029223911879119669e+03,-8.451090794201420522e+02,1.801000000000000000e+03,0.000000000000000000e+00,-7.686619470200247406e+02,-7.188338038725649994e+02,1.538000000000000000e+03,0.000000000000000000e+00,-1.115016909601380348e+03,-8.773473628969865103e+02,1.866000000000000000e+03,0.000000000000000000e+00,-7.205407763525099654e+02,-5.616523843698315659e+02,1.613000000000000455e+03,0.000000000000000000e+00,-1.217664117961607644e+03,-6.975499416738351783e+02,1.941000000000000000e+03,0.000000000000000000e+00,-6.767420066302564692e+02,-2.963775136915306234e+02,1.616000000000000455e+03,0.000000000000000000e+00,-1.231099269702523998e+03,-4.891348631544682917e+02,1.837000000000000455e+03,0.000000000000000000e+00,-6.745665746101270770e+02,-6.926402490084856822e+01,1.618000000000000455e+03,0.000000000000000000e+00,-1.243681554424121487e+03,-8.022298063299786008e+01,1.874000000000000455e+03,0.000000000000000000e+00,-7.578697734019392556e+02,-6.678113649278361663e+01,1.560000000000000455e+03,0.000000000000000000e+00,-1.202636949764165365e+03,-8.860404343338645106e+01,1.943000000000000455e+03,0.000000000000000000e+00,-7.832795861475053698e+02,3.003958896632681785e+02,1.597000000000000682e+03,0.000000000000000000e+00,-1.271593481452025117e+03,3.824075414435968696e+02,2.033000000000000909e+03,0.000000000000000000e+00,-7.936595553811032460e+02,6.322377880416291873e+02,1.609000000000000682e+03,0.000000000000000000e+00,-1.169234938203597494e+03,6.744121516345310283e+02,2.046000000000000909e+03,0.000000000000000000e+00
